302 1 900 726 
1 1 900 728 
1 1 900 730 
358 1 900 728 
1 1 666 728 
42 15 144 46 
1 1 641 720 
577 65 900 558 
743 384 816 447 
1 1 209 727 
238 561 285 643 
641 209 737 272 
408 1 900 726 
722 452 900 726 
1 28 465 720 
193 63 416 368 
294 448 318 472 
247 1 406 146 
463 111 900 728 
1 1 490 728 
401 202 512 485 
289 380 661 726 
1 1 595 727 
323 125 394 164 
258 1 453 312 
1 222 133 380 
1 293 561 727 
129 255 317 609 
145 1 447 475 
274 311 561 676 
254 1 900 728 
387 31 641 276 
572 578 652 722 
1 37 900 728 
145 605 166 624 
522 67 641 144 
701 351 722 374 
1 1 900 726 
197 18 256 54 
145 84 364 409 
1 50 41 79 
1 1 900 421 
498 176 724 450 
176 689 239 720 
297 409 437 430 
1 37 561 727 
375 1 900 307 
375 1 900 728 
577 283 808 530 
510 131 548 176 
50 301 128 384 
375 1 900 192 
275 1 605 386 
817 235 900 288 
279 110 415 314 
1 593 60 720 
422 443 447 475 
541 85 641 129 
194 10 249 44 
51 33 117 60 
240 308 320 484 
522 67 605 132 
57 541 513 728 
267 304 334 441 
772 176 834 241 
753 510 883 688 
297 291 461 480 
33 101 132 209 
641 81 900 364 
1 1 641 312 
582 538 752 726 
1 1 655 421 
522 67 556 132 
274 311 458 510 
397 65 900 485 
296 293 415 365 
145 450 168 496 
509 7 529 42 
161 255 287 488 
784 289 896 461 
254 1 673 531 
91 497 144 548 
579 294 724 450 
365 214 398 281 
309 135 369 157 
753 161 842 304 
161 593 258 725 
739 65 879 304 
174 15 279 213 
175 1 443 400 
625 1 900 112 
1 540 481 725 
539 287 900 723 
292 425 318 450 
1 1 276 592 
304 561 424 683 
496 249 576 465 
290 443 320 474 
414 481 900 728 
318 488 420 511 
657 578 885 726 
378 1 900 727 
17 549 250 725 
381 1 900 726 
305 58 585 276 
285 422 323 488 
33 37 128 87 
463 329 900 728 
1 1 406 215 
378 1 816 114 
539 389 784 602 
1 193 143 719 
242 1 266 50 
279 138 336 305 
74 589 259 725 
298 354 437 412 
187 49 452 377 
274 306 465 510 
289 309 446 466 
414 481 666 726 
373 1 900 304 
421 82 484 159 
381 1 532 91 
626 385 655 408 
51 33 112 59 
499 610 591 722 
377 111 399 136 
113 560 487 726 
161 657 225 720 
81 4 152 26 
507 122 583 216 
561 111 900 548 
466 457 900 728 
387 37 433 96 
1 548 487 726 
306 512 432 584 
1 49 117 288 
358 1 900 450 
57 541 293 723 
737 390 777 438 
91 205 182 513 
444 1 900 561 
400 306 437 375 
219 400 248 446 
736 593 875 688 
657 578 767 639 
735 382 791 449 
539 65 900 727 
125 33 319 495 
358 1 900 304 
1 1 305 75 
1 515 491 727 
125 33 465 585 
55 44 117 70 
1 1 321 213 
1 1 724 727 
809 65 840 107 
798 464 900 672 
51 33 102 59 
1 593 112 726 
793 657 885 726 
556 186 583 218 
113 1 641 728 
1 1 198 239 
507 122 741 375 
473 1 900 305 
521 535 560 560 
32 124 78 144 
736 65 900 558 
522 67 583 132 
299 134 474 391 
722 286 900 462 
446 372 544 567 
611 326 650 355 
1 1 201 727 
325 306 465 414 
52 21 118 57 
182 1 406 146 
512 81 606 117 
139 156 287 495 
465 697 488 724 
282 291 461 480 
401 202 452 377 
42 15 144 49 
509 430 528 560 
240 1 666 726 
293 443 319 473 
422 269 900 726 
291 194 469 485 
177 1 641 276 
374 306 433 395 
1 28 232 720 
302 1 900 485 
729 456 884 662 
862 212 900 234 
1 480 97 720 
630 269 667 308 
414 1 900 728 
301 588 369 682 
390 32 431 85 
145 1 443 440 
800 174 822 209 
464 91 686 275 
1 380 112 592 
129 255 450 609 
1 225 177 421 
591 228 619 258 
57 506 513 728 
172 515 477 723 
725 545 900 726 
261 309 465 585 
311 166 452 377 
58 589 96 608 
641 209 737 288 
465 526 752 726 
179 33 452 377 
768 441 799 472 
1 255 490 728 
574 215 900 687 
113 1 319 727 
286 194 469 531 
286 396 446 464 
1 1 209 724 
570 561 647 704 
523 98 632 144 
1 434 86 720 
705 461 900 726 
254 1 673 91 
289 506 369 539 
433 337 792 728 
300 76 331 136 
177 1 641 377 
798 463 886 562 
476 101 533 152 
91 481 132 512 
120 1 724 510 
739 65 900 479 
1 372 610 727 
590 224 667 310 
727 513 762 534 
1 28 177 421 
779 156 900 274 
177 1 624 276 
393 122 592 381 
739 65 900 304 
288 80 401 157 
121 401 143 432 
312 126 396 185 
1 1 276 726 
524 353 900 726 
294 586 464 688 
280 290 446 478 
466 613 522 719 
25 289 95 380 
113 1 666 728 
416 341 441 406 
646 510 900 726 
165 1 494 728 
739 81 879 177 
429 61 585 274 
555 67 623 95 
33 47 114 87 
133 470 305 725 
1 113 117 225 
780 154 900 288 
42 1 198 71 
555 240 621 323 
1 37 276 724 
577 526 654 623 
301 589 369 682 
420 439 450 475 
369 509 427 545 
1 1 252 215 
172 540 494 728 
165 44 287 495 
681 320 792 448 
309 130 369 157 
601 94 634 116 
320 129 415 312 
830 149 900 184 
1 1 156 73 
375 1 900 290 
1 29 161 288 
267 293 561 676 
305 31 585 276 
721 554 900 725 
286 545 305 584 
424 445 443 468 
581 222 688 381 
321 311 409 349 
254 1 673 383 
371 17 399 46 
657 1 854 122 
784 277 900 385 
305 92 382 144 
676 41 720 62 
455 269 624 562 
310 134 474 391 
81 257 134 326 
113 509 533 728 
57 418 144 592 
215 576 513 723 
870 556 900 691 
282 306 319 362 
177 599 257 720 
408 150 591 723 
291 102 319 137 
847 524 900 687 
584 452 900 727 
285 441 318 481 
512 81 547 113 
523 81 641 126 
176 688 271 720 
705 257 900 725 
258 1 641 312 
620 302 639 340 
433 189 900 728 
489 65 900 479 
239 71 262 133 
133 225 177 354 
829 595 883 666 
417 699 900 728 
855 97 900 143 
120 1 474 421 
737 151 900 307 
120 1 474 510 
161 705 490 728 
571 145 649 192 
305 705 490 728 
193 63 337 239 
561 289 613 337 
861 660 900 704 
512 67 632 144 
512 3 585 53 
182 1 305 56 
390 32 461 126 
17 107 305 725 
609 268 690 381 
234 122 595 562 
730 380 762 419 
191 199 223 220 
561 1 900 304 
18 593 65 656 
509 561 609 724 
539 465 768 639 
589 223 625 261 
784 135 900 256 
86 591 250 621 
512 68 629 117 
281 309 425 407 
184 313 287 488 
42 15 144 59 
191 1 265 54 
321 290 441 377 
266 1 592 465 
305 80 401 144 
515 59 623 91 
7 28 172 273 
1 81 132 288 
358 1 461 126 
305 514 421 573 
177 630 513 728 
524 353 900 723 
337 370 400 404 
296 308 413 365 
282 1 632 381 
299 110 328 153 
193 63 306 239 
71 630 160 723 
1 1 143 215 
523 68 641 144 
657 578 768 639 
194 1 265 44 
509 3 605 55 
376 111 399 136 
352 1 523 216 
1 1 320 726 
725 542 900 726 
397 130 672 485 
312 372 561 633 
509 150 900 726 
517 52 623 95 
798 465 838 511 
162 290 465 585 
426 564 544 625 
1 384 30 404 
493 257 753 465 
394 479 459 592 
545 167 672 354 
699 1 900 147 
848 237 896 262 
279 99 309 136 
131 247 159 321 
510 1 900 184 
80 416 111 479 
513 17 583 53 
829 213 856 240 
408 191 587 726 
541 85 624 106 
1 1 321 592 
539 465 719 602 
340 504 428 577 
30 14 145 88 
145 1 370 421 
641 1 900 558 
525 658 544 688 
562 257 620 320 
265 1 445 188 
178 1 262 48 
674 316 725 371 
299 76 331 180 
818 22 900 128 
182 1 279 88 
520 512 595 562 
302 1 900 128 
1 75 149 726 
125 205 182 383 
511 23 582 54 
55 45 117 70 
79 369 232 576 
577 1 900 169 
509 7 587 54 
193 552 456 705 
287 540 464 688 
447 122 473 160 
49 401 80 432 
408 176 520 374 
286 211 305 271 
523 27 591 54 
82 302 126 351 
682 1 900 143 
145 7 277 421 
290 443 318 472 
784 166 834 209 
1 593 160 724 
408 150 587 723 
497 1 816 114 
129 80 244 355 
193 400 265 561 
446 630 513 723 
425 486 586 672 
509 337 792 656 
561 106 799 304 
377 50 413 108 
180 336 236 480 
673 417 700 436 
1 1 641 728 
145 1 445 409 
302 1 624 95 
125 33 319 362 
33 135 132 239 
310 296 469 485 
172 640 478 727 
32 242 127 380 
489 95 704 726 
1 1 160 96 
33 129 97 161 
528 98 551 126 
529 349 623 502 
553 189 808 530 
49 112 97 161 
798 461 900 723 
301 589 366 682 
408 150 520 485 
786 457 900 687 
673 1 900 147 
846 369 900 555 
625 1 900 196 
489 65 900 727 
585 224 624 321 
289 110 344 218 
572 578 665 688 
673 1 900 122 
373 1 686 275 
584 538 900 727 
165 44 209 212 
286 211 333 304 
48 17 74 36 
240 62 285 146 
177 6 207 33 
352 1 655 295 
499 8 553 43 
178 5 262 48 
214 18 256 54 
833 529 875 560 
446 144 508 193 
97 297 128 352 
286 69 320 104 
780 457 900 687 
193 63 337 368 
514 93 634 138 
640 1 808 92 
184 309 513 728 
779 163 835 208 
51 1 200 129 
325 307 406 338 
90 359 124 466 
289 309 447 466 
817 218 900 288 
473 87 511 106 
308 130 369 157 
799 449 883 560 
800 463 884 558 
1 540 490 728 
813 193 848 224 
429 57 479 161 
129 46 319 366 
1 1 447 726 
177 1 305 56 
194 16 279 88 
880 679 900 705 
1 1 595 592 
498 68 641 126 
322 586 464 688 
408 1 792 723 
89 257 118 292 
113 44 513 728 
772 145 868 241 
577 294 632 364 
720 366 808 452 
513 7 585 53 
91 321 182 513 
1 386 112 720 
1 214 127 414 
313 171 440 344 
299 76 351 209 
1 386 177 727 
299 92 474 391 
293 293 465 414 
5 548 52 627 
815 577 836 609 
849 337 900 460 
145 383 240 570 
483 151 506 171 
165 32 287 488 
457 129 487 166 
254 1 673 312 
482 1 792 564 
1 1 207 225 
1 1 271 213 
641 81 900 558 
283 452 450 526 
881 337 900 380 
163 31 271 183 
337 1 624 95 
482 1 784 118 
621 625 721 722 
540 83 606 117 
365 31 613 383 
1 506 900 730 
50 391 236 576 
435 288 480 383 
561 111 900 579 
611 326 724 450 
832 151 868 173 
1 470 561 727 
297 291 461 448 
176 630 513 728 
373 1 671 102 
320 306 465 414 
1 1 319 727 
753 150 900 292 
17 445 48 464 
305 110 328 142 
561 111 900 462 
489 705 608 726 
184 640 470 727 
302 509 424 567 
423 288 480 383 
641 160 781 364 
392 33 432 85 
279 126 395 305 
647 241 666 272 
392 33 434 93 
861 322 900 367 
390 32 424 85 
395 34 434 79 
624 360 655 411 
1 379 96 432 
540 466 576 497 
519 121 673 240 
463 215 900 728 
464 537 721 723 
848 155 900 176 
466 470 725 728 
1 1 153 288 
673 1 824 42 
543 402 608 511 
1 203 236 592 
275 1 724 450 
145 1 595 562 
395 34 461 126 
40 162 64 185 
59 619 160 723 
304 583 424 640 
225 560 470 723 
286 194 469 485 
298 354 437 416 
165 1 321 488 
783 289 832 341 
88 4 145 36 
509 561 591 720 
720 510 883 656 
421 80 445 108 
191 1 256 54 
529 526 727 726 
397 1 545 95 
730 380 792 452 
184 552 513 728 
282 301 440 384 
685 326 726 374 
57 526 112 589 
594 350 900 726 
296 293 465 414 
321 311 412 350 
880 417 900 460 
221 540 415 699 
191 1 249 31 
727 456 884 662 
827 55 900 122 
707 462 793 565 
475 529 725 728 
529 689 608 723 
89 401 193 576 
823 622 875 656 
874 556 900 664 
113 236 292 720 
574 215 813 579 
610 690 639 719 
248 309 459 592 
1 418 70 475 
378 1 673 89 
1 29 319 366 
67 591 259 725 
310 93 445 188 
674 316 727 375 
1 381 112 466 
799 462 883 558 
1 1 202 215 
851 103 900 138 
266 1 592 726 
113 28 166 87 
178 45 443 368 
624 326 650 355 
786 457 885 644 
583 303 632 364 
273 261 317 471 
450 76 479 106 
1 226 134 414 
85 258 127 304 
784 346 880 399 
490 4 584 56 
453 512 666 723 
1 422 561 727 
321 80 401 135 
172 540 478 728 
463 329 883 725 
430 97 461 123 
840 69 900 122 
509 337 792 681 
1 386 112 466 
496 658 656 723 
553 189 900 725 
803 449 900 558 
145 15 279 421 
508 320 577 432 
129 555 278 609 
512 17 624 91 
273 309 317 452 
125 33 272 272 
561 106 900 304 
107 369 132 416 
736 65 900 550 
194 63 281 187 
849 218 900 256 
192 689 219 712 
523 68 570 97 
521 535 560 564 
511 17 587 54 
316 301 417 348 
291 258 345 315 
120 1 202 176 
798 465 900 691 
512 68 632 144 
625 326 672 416 
657 578 790 639 
296 293 413 365 
780 593 852 657 
120 1 474 441 
278 311 317 406 
1 699 900 730 
785 386 815 416 
258 1 387 87 
521 206 544 229 
803 461 883 548 
818 81 864 128 
541 85 604 106 
320 307 410 349 
287 69 320 104 
673 1 736 33 
399 577 424 607 
182 1 243 69 
512 67 632 117 
258 1 453 145 
880 679 900 722 
17 161 128 241 
171 46 319 366 
1 1 198 724 
509 593 564 656 
668 624 768 671 
441 486 465 531 
395 370 421 398 
780 542 812 570 
510 4 584 55 
673 1 900 116 
284 609 304 640 
797 460 900 562 
55 1 156 27 
316 166 443 361 
693 158 900 560 
269 60 321 104 
539 385 787 602 
253 573 278 643 
289 506 421 565 
498 176 526 209 
381 1 900 469 
362 217 384 277 
287 75 320 104 
113 512 533 728 
378 1 900 144 
1 157 32 190 
287 193 341 304 
304 110 328 138 
1 380 96 432 
120 1 370 421 
1 385 103 592 
575 526 654 650 
196 64 261 187 
642 465 709 511 
413 319 432 358 
498 176 675 404 
817 254 900 303 
312 128 396 185 
288 80 407 220 
297 311 438 413 
369 40 393 78 
358 1 431 85 
51 33 120 60 
577 96 831 383 
655 281 900 558 
179 45 208 204 
57 418 144 589 
705 441 792 559 
517 52 641 120 
297 291 461 474 
113 433 329 578 
145 63 474 421 
17 107 320 725 
177 1 641 390 
652 388 813 579 
641 163 737 299 
129 87 152 207 
183 57 205 112 
184 534 513 728 
394 39 432 86 
444 158 900 561 
817 303 851 352 
1 29 319 592 
578 1 672 48 
485 192 669 564 
681 320 790 448 
1 368 232 720 
187 1 445 220 
441 487 464 530 
129 636 160 672 
195 1 288 83 
175 1 443 368 
521 449 544 545 
490 25 560 56 
699 1 900 143 
113 236 293 720 
453 373 484 481 
579 294 678 404 
1 7 44 48 
305 412 446 466 
404 514 432 567 
57 541 470 727 
254 1 321 97 
772 145 900 288 
527 206 550 234 
1 1 145 91 
464 622 520 719 
526 7 585 29 
291 194 345 315 
375 586 434 631 
620 668 652 719 
425 448 444 471 
1 37 276 726 
306 329 413 365 
646 510 883 726 
265 136 474 391 
97 320 134 384 
739 65 879 177 
785 446 840 486 
441 630 473 676 
321 369 383 396 
299 354 434 411 
145 63 306 421 
113 552 470 727 
446 630 513 724 
1 86 70 193 
733 380 792 448 
291 249 406 349 
258 1 673 91 
474 679 510 723 
523 70 631 144 
113 619 487 726 
289 552 424 624 
614 255 690 336 
524 1 900 726 
1 434 86 592 
250 55 288 76 
422 269 768 723 
145 1 655 421 
313 171 452 377 
514 273 544 401 
801 674 879 726 
166 7 207 196 
462 49 534 106 
365 171 440 344 
146 439 176 465 
610 622 754 722 
475 602 667 728 
145 33 182 84 
1 470 561 726 
129 605 176 656 
539 287 900 727 
279 101 309 136 
496 1 672 100 
479 704 608 726 
286 506 369 584 
132 1 199 29 
793 657 885 689 
697 350 900 543 
401 306 463 408 
849 674 879 720 
614 255 726 374 
779 151 900 242 
626 497 768 639 
1 81 74 128 
63 297 128 353 
256 65 467 312 
865 241 900 272 
287 70 321 104 
465 704 488 724 
220 400 244 448 
558 193 619 258 
511 132 551 178 
302 17 369 64 
31 1 133 71 
258 327 296 404 
288 534 312 572 
42 22 61 46 
514 190 544 225 
1 433 491 727 
273 309 435 480 
466 470 652 724 
465 696 494 722 
321 553 344 572 
747 384 900 534 
669 385 724 450 
1 509 491 727 
275 1 655 386 
608 302 675 404 
1 1 592 728 
397 130 672 412 
489 95 831 397 
447 632 494 722 
51 1 201 144 
302 76 381 104 
785 401 816 437 
612 39 656 61 
561 257 638 347 
753 161 780 234 
317 290 441 377 
1 380 124 720 
865 331 900 400 
310 308 411 349 
514 93 622 138 
424 445 448 473 
81 1 152 26 
798 461 886 562 
441 358 595 562 
380 17 632 381 
59 619 138 720 
557 188 583 218 
125 44 209 272 
625 73 672 112 
462 83 533 152 
300 76 331 138 
803 280 900 550 
520 200 621 323 
529 696 587 722 
542 85 629 108 
1 1 160 225 
507 122 667 310 
683 113 724 160 
753 161 776 234 
657 81 900 304 
645 607 725 726 
89 401 209 723 
281 616 371 656 
737 380 767 415 
1 214 127 415 
282 301 417 360 
1 4 145 85 
577 96 831 452 
783 273 895 352 
353 600 384 636 
274 311 438 450 
177 657 225 720 
584 223 625 288 
113 541 293 643 
240 311 317 484 
681 331 727 375 
657 529 688 560 
306 120 395 201 
512 3 550 28 
508 430 528 544 
194 32 279 88 
120 1 265 176 
512 34 624 90 
247 11 406 146 
625 410 655 432 
81 257 118 304 
646 571 790 674 
490 21 584 56 
610 509 900 723 
513 1 585 53 
706 449 900 725 
753 443 816 543 
1 81 74 214 
578 625 652 722 
593 267 623 316 
280 351 446 478 
514 68 634 151 
422 269 624 672 
464 465 768 723 
421 82 523 216 
674 316 804 452 
171 172 277 366 
269 309 425 448 
18 382 49 401 
1 655 491 727 
865 673 900 705 
466 470 725 726 
735 370 865 462 
520 200 675 404 
169 76 190 196 
579 294 668 396 
310 136 474 391 
144 369 182 448 
545 279 669 412 
829 577 897 723 
840 69 885 113 
365 227 398 281 
304 509 432 584 
50 512 90 560 
325 358 465 414 
305 488 450 585 
832 305 896 353 
688 62 720 98 
574 215 900 579 
178 705 490 728 
540 84 641 120 
91 576 209 609 
523 77 641 126 
328 309 406 337 
297 305 333 325 
754 466 790 512 
299 416 400 454 
1 417 83 454 
672 353 816 543 
289 552 456 688 
129 605 192 672 
297 355 438 415 
483 150 504 173 
608 169 632 208 
447 629 473 671 
125 401 182 560 
267 293 465 441 
265 1 666 381 
280 189 421 336 
119 1 160 29 
579 278 724 450 
407 316 428 354 
52 15 99 40 
462 512 495 560 
388 38 432 97 
429 383 464 413 
785 194 840 256 
860 674 887 723 
387 37 432 88 
82 1 198 32 
459 563 488 584 
87 593 160 692 
689 338 722 374 
1 705 900 730 
829 213 881 240 
689 338 727 375 
843 225 896 262 
539 470 576 496 
294 413 441 473 
1 1 200 726 
57 562 209 723 
514 656 591 720 
240 169 523 530 
369 40 413 108 
352 1 440 65 
125 418 159 448 
59 626 160 723 
181 240 287 488 
329 563 425 584 
420 52 445 108 
399 169 523 499 
539 465 592 528 
240 308 461 504 
657 1 900 128 
558 193 621 260 
43 37 128 87 
289 309 447 475 
297 291 410 349 
294 588 384 684 
429 52 655 295 
737 65 863 193 
283 311 450 560 
274 192 304 261 
352 1 593 295 
59 619 160 720 
89 545 160 576 
301 587 352 624 
112 673 160 722 
498 176 528 226 
798 465 886 562 
193 63 306 368 
489 95 720 726 
1 1 199 215 
463 329 883 728 
489 95 831 383 
1 434 112 726 
706 386 885 647 
509 13 605 55 
800 463 884 560 
332 301 417 322 
769 443 801 497 
722 274 831 383 
1 540 478 725 
866 45 896 64 
539 353 900 672 
722 485 765 513 
295 445 317 471 
783 205 900 288 
65 497 96 524 
213 19 246 42 
1 193 132 414 
178 6 241 35 
1 1 247 84 
222 594 259 705 
453 705 490 726 
265 1 427 110 
82 401 144 548 
187 49 319 237 
558 193 583 219 
603 96 831 383 
523 81 593 114 
424 445 453 476 
282 306 319 360 
182 1 243 44 
305 412 446 453 
705 150 900 647 
316 302 406 348 
1 12 48 48 
611 587 721 722 
274 311 561 633 
114 418 193 560 
403 65 480 136 
31 1 74 32 
538 105 632 144 
1 1 152 73 
125 605 192 723 
1 1 152 71 
65 372 561 633 
145 45 277 421 
308 134 329 154 
1 1 200 225 
57 465 144 585 
302 1 464 64 
385 361 422 404 
145 1 279 440 
707 462 900 725 
57 465 144 589 
561 569 652 724 
33 12 74 71 
845 155 900 177 
446 150 507 193 
493 273 526 368 
1 1 198 719 
518 197 553 236 
381 296 441 377 
444 186 753 561 
299 560 421 587 
673 1 900 143 
310 135 413 188 
302 15 336 55 
510 1 900 183 
526 155 552 183 
300 401 458 510 
286 193 345 315 
310 22 445 188 
90 368 128 432 
299 110 329 154 
561 106 799 443 
280 168 470 384 
118 273 140 320 
337 132 394 163 
768 550 808 577 
870 625 897 691 
371 640 433 688 
543 339 624 502 
113 640 470 727 
303 351 434 412 
240 354 434 484 
509 337 655 564 
1 144 140 418 
1 31 117 85 
404 380 661 726 
279 110 395 305 
23 1 198 209 
635 96 752 168 
451 49 534 106 
90 273 140 416 
624 326 724 450 
320 310 410 349 
125 369 182 480 
280 189 411 336 
291 401 461 504 
1 86 70 212 
394 31 641 276 
657 578 790 719 
422 486 586 672 
1 379 143 719 
496 269 624 511 
1 81 74 288 
846 481 900 555 
840 69 890 113 
111 29 161 80 
554 239 582 277 
220 400 248 430 
543 339 624 511 
273 289 317 471 
424 432 450 475 
737 175 900 307 
283 311 450 577 
196 17 243 37 
1 599 112 726 
1 589 259 726 
91 203 182 513 
381 1 900 184 
511 14 587 54 
114 621 192 723 
320 81 397 108 
629 333 666 379 
561 289 596 337 
51 28 172 144 
194 62 319 239 
172 540 478 725 
165 44 513 728 
581 222 623 288 
705 257 900 461 
107 203 177 421 
52 29 118 62 
520 200 596 295 
198 16 263 48 
453 609 482 672 
304 587 352 609 
381 1 552 150 
65 433 329 578 
133 225 177 362 
311 125 394 201 
64 107 305 725 
806 474 884 560 
465 697 486 719 
293 703 383 722 
1 1 145 85 
286 507 312 584 
129 6 202 321 
499 569 652 724 
514 93 634 151 
297 291 461 476 
89 545 177 576 
730 380 790 452 
847 154 900 176 
768 550 817 623 
288 101 344 218 
493 269 576 368 
267 16 445 148 
539 512 602 560 
57 562 86 592 
49 130 82 161 
561 427 608 511 
120 1 248 176 
129 449 176 543 
462 512 520 561 
286 201 333 304 
484 108 505 128 
594 401 718 528 
724 670 879 726 
213 16 259 37 
145 80 278 421 
769 700 847 722 
289 537 308 572 
240 308 323 484 
811 166 868 224 
426 356 461 415 
768 556 876 657 
291 311 461 504 
240 16 259 37 
40 31 69 64 
522 70 631 144 
826 153 847 177 
296 309 425 407 
309 115 371 157 
799 166 822 197 
101 411 128 432 
297 410 425 430 
291 249 345 314 
575 526 727 726 
426 539 553 719 
306 125 394 201 
427 364 463 408 
450 68 634 179 
65 372 610 724 
656 385 724 450 
64 107 276 560 
112 232 140 320 
72 687 111 720 
11 187 54 207 
753 151 900 307 
289 149 337 208 
32 561 97 720 
623 329 666 379 
269 290 446 478 
769 105 900 196 
417 699 900 729 
589 223 620 258 
320 129 432 201 
78 37 117 60 
705 593 879 726 
561 106 808 443 
516 1 584 20 
58 368 232 576 
545 51 623 90 
1 144 140 592 
489 95 792 448 
553 189 585 274 
97 161 132 239 
145 1 277 421 
369 341 463 475 
474 158 581 292 
1 34 49 68 
1 672 900 730 
557 188 583 216 
187 140 240 184 
195 1 249 31 
509 13 605 74 
678 283 742 374 
320 309 410 349 
1 232 177 727 
25 77 111 120 
417 130 464 182 
145 84 276 409 
310 619 487 726 
305 484 407 560 
177 672 219 719 
1 214 177 727 
57 257 144 592 
57 417 144 614 
306 125 394 181 
387 161 487 309 
482 1 584 32 
856 111 900 138 
624 209 671 266 
329 565 421 587 
32 242 122 353 
479 102 532 156 
514 68 641 151 
649 388 813 579 
401 384 420 404 
820 280 900 352 
107 379 128 416 
278 311 317 402 
193 576 325 705 
279 67 320 97 
673 1 900 112 
93 577 144 633 
305 609 336 648 
387 37 425 88 
715 460 748 488 
509 4 584 56 
465 553 590 720 
705 1 900 116 
329 561 421 587 
49 17 113 71 
753 150 900 352 
609 96 688 193 
52 29 161 80 
93 585 209 725 
798 545 897 674 
594 389 710 512 
29 79 150 183 
305 416 433 453 
465 186 576 465 
866 385 900 415 
299 354 433 410 
565 529 725 726 
425 60 634 276 
258 1 624 276 
768 550 808 609 
553 189 581 261 
17 548 251 625 
245 1 265 27 
529 1 671 48 
785 193 848 256 
1 7 38 31 
113 625 160 672 
139 316 236 480 
705 160 781 364 
87 609 114 630 
266 1 304 32 
321 369 400 404 
429 3 655 295 
25 77 132 209 
180 470 561 662 
426 513 553 723 
429 52 655 290 
729 456 789 534 
593 305 669 412 
40 146 116 209 
474 158 632 364 
355 134 394 156 
215 552 513 723 
255 1 336 22 
303 354 369 402 
523 369 544 401 
129 449 176 513 
489 95 622 160 
1 1 271 183 
801 512 883 640 
282 1 479 188 
1 17 117 85 
543 91 597 118 
30 24 145 88 
523 67 556 102 
572 1 806 114 
441 486 586 592 
50 161 128 209 
198 14 265 48 
369 509 427 577 
382 45 523 216 
289 488 427 565 
575 556 640 650 
145 538 186 559 
673 1 724 37 
657 1 720 64 
424 421 453 476 
1 1 141 225 
182 1 406 152 
305 110 330 142 
509 593 591 720 
514 197 539 241 
1 64 46 91 
523 603 564 625 
378 1 900 138 
52 33 119 65 
450 76 479 101 
417 338 461 415 
321 85 380 108 
780 166 822 209 
1 419 85 592 
1 380 112 720 
747 418 799 497 
304 359 422 408 
287 193 345 315 
629 333 724 450 
321 81 434 128 
89 65 193 576 
826 153 864 177 
850 16 900 36 
509 593 566 695 
52 15 144 40 
697 390 863 543 
408 150 586 719 
165 1 592 728 
303 354 399 402 
43 47 128 87 
624 209 736 301 
772 177 834 241 
191 1 247 29 
522 70 641 144 
174 32 279 213 
729 1 784 24 
304 355 432 408 
289 135 325 202 
705 268 769 364 
231 215 295 368 
581 215 667 310 
1 12 57 68 
15 1 102 64 
673 315 741 374 
305 509 421 565 
299 135 325 180 
294 588 369 682 
368 509 421 558 
1 1 145 288 
293 365 312 408 
801 321 880 368 
614 255 741 375 
288 80 401 202 
627 233 800 335 
318 194 341 274 
195 5 262 37 
743 321 900 464 
424 448 448 474 
1 1 198 273 
1 672 177 727 
112 689 144 720 
217 32 256 54 
530 338 596 367 
15 1 305 75 
321 315 409 349 
624 389 710 480 
369 306 469 485 
180 470 305 662 
626 497 784 600 
240 1 666 530 
281 309 425 410 
584 223 635 288 
1 548 285 724 
302 509 425 581 
172 640 478 725 
433 494 456 548 
817 467 881 543 
380 17 441 59 
347 632 402 683 
1 50 46 96 
641 209 720 240 
603 96 800 335 
241 62 319 239 
572 578 665 722 
464 449 520 561 
289 506 427 565 
641 130 783 364 
1 548 209 723 
258 350 284 404 
258 1 401 88 
25 1 201 576 
287 138 345 314 
807 449 900 550 
113 560 470 726 
413 319 440 384 
288 80 401 143 
113 549 292 643 
394 31 634 276 
826 149 900 184 
433 526 752 728 
830 216 896 262 
319 585 456 688 
561 111 900 558 
113 625 160 671 
629 333 675 391 
454 380 591 562 
509 561 608 723 
15 1 207 75 
114 449 193 560 
32 480 97 720 
310 306 463 408 
175 35 256 204 
397 130 520 374 
513 448 532 480 
562 569 652 724 
481 161 586 289 
721 598 848 721 
428 32 464 54 
1 88 40 132 
33 194 111 223 
450 73 552 179 
797 544 883 656 
96 161 132 239 
706 130 783 245 
34 383 95 432 
781 150 858 274 
279 110 345 314 
222 609 259 705 
561 529 725 726 
735 387 777 438 
284 512 418 580 
736 65 900 276 
1 593 64 725 
248 306 463 592 
284 515 421 587 
493 273 517 331 
289 309 437 459 
543 402 607 479 
320 129 405 236 
129 449 305 609 
609 679 900 728 
388 38 426 88 
850 1 900 36 
113 657 183 725 
358 1 397 46 
331 444 427 466 
369 506 428 577 
250 1 288 71 
65 576 209 607 
1 419 95 592 
232 187 260 214 
302 1 672 100 
504 178 552 241 
721 598 900 725 
361 193 396 232 
172 640 478 728 
465 553 652 724 
555 233 586 275 
89 593 184 624 
834 153 868 173 
193 673 224 705 
1 222 133 592 
485 192 588 512 
641 130 783 304 
834 674 887 723 
775 554 824 610 
369 37 432 88 
47 14 82 36 
254 1 321 104 
439 321 480 382 
369 341 469 485 
768 556 852 657 
324 319 404 340 
310 296 412 349 
780 551 808 570 
1 418 70 465 
289 309 436 459 
672 30 806 114 
88 29 161 86 
215 32 271 80 
608 359 628 385 
321 296 441 377 
311 132 394 201 
235 1 321 104 
279 16 427 101 
162 439 465 585 
673 315 726 374 
386 705 490 728 
182 16 242 43 
558 193 741 375 
1 381 83 432 
172 306 494 728 
423 446 452 479 
50 480 96 560 
192 65 211 157 
240 308 461 530 
705 257 895 461 
288 507 329 572 
485 167 672 354 
564 673 609 724 
422 401 452 475 
477 233 527 353 
315 80 401 145 
368 3 388 40 
789 540 880 648 
721 554 900 726 
479 704 510 723 
234 368 278 421 
807 449 900 558 
25 1 201 209 
439 321 480 383 
781 150 836 179 
365 168 443 361 
509 25 560 56 
848 237 880 260 
457 129 504 173 
729 456 883 659 
450 486 586 592 
469 91 552 150 
33 561 57 592 
50 162 101 209 
163 33 202 183 
529 96 808 469 
855 320 896 358 
300 351 446 478 
311 465 465 527 
279 67 321 104 
304 583 424 683 
489 95 722 381 
403 65 532 196 
81 257 140 384 
194 62 319 362 
491 622 587 723 
657 97 768 208 
129 605 166 640 
861 665 900 704 
81 73 144 145 
88 1 201 75 
626 287 875 560 
1 81 74 192 
583 537 636 592 
365 215 385 281 
55 1 152 27 
614 345 726 469 
706 440 900 725 
47 14 117 70 
846 1 900 36 
178 45 364 368 
301 589 320 624 
422 432 450 475 
7 77 132 273 
670 233 737 272 
1 589 227 726 
710 350 790 448 
125 65 182 272 
754 477 784 512 
786 386 815 416 
706 386 900 647 
12 593 32 625 
286 69 320 101 
182 1 248 44 
841 1 900 36 
766 417 863 490 
83 33 120 59 
362 651 433 680 
817 1 889 34 
525 91 632 144 
129 1 247 448 
520 529 545 564 
299 354 436 411 
557 188 582 216 
706 647 754 719 
529 168 583 218 
1 1 143 95 
107 370 128 416 
672 353 900 672 
466 470 610 724 
672 354 720 384 
497 269 598 432 
380 17 479 161 
1 34 57 68 
369 365 400 398 
425 562 544 719 
114 65 182 496 
352 1 440 93 
113 560 533 728 
706 50 806 114 
399 309 461 415 
184 631 470 728 
485 192 588 293 
63 593 97 666 
669 387 724 450 
635 338 663 372 
789 540 883 659 
865 662 897 699 
315 82 374 108 
737 546 808 577 
519 209 593 295 
514 68 622 138 
473 87 673 240 
784 289 896 353 
81 257 140 432 
177 433 288 562 
388 38 433 96 
113 1 319 725 
312 132 396 185 
1 515 477 726 
671 354 751 467 
582 538 719 725 
321 314 411 349 
67 1 152 27 
844 149 900 176 
499 8 591 54 
173 641 192 672 
705 257 900 550 
850 274 900 326 
303 351 434 413 
318 488 450 585 
524 151 548 176 
58 514 96 561 
112 625 138 687 
562 594 581 687 
1 322 129 592 
139 337 182 383 
705 258 831 383 
541 77 624 121 
561 1 784 118 
512 81 632 117 
544 95 593 114 
561 111 799 304 
309 81 406 144 
414 481 553 625 
589 223 622 258 
555 240 666 379 
1 86 137 193 
464 626 512 719 
365 192 421 323 
421 513 480 592 
241 215 276 242 
529 118 649 239 
529 144 609 239 
377 675 416 694 
586 278 625 326 
809 190 834 209 
12 188 53 207 
722 274 900 461 
457 129 480 154 
525 337 598 368 
829 176 868 224 
248 306 464 592 
514 190 544 229 
743 273 900 550 
282 1 666 381 
89 545 209 723 
865 331 900 358 
866 385 900 464 
798 461 900 558 
287 69 320 91 
82 417 136 481 
33 129 78 150 
312 132 395 169 
523 95 610 143 
231 215 287 264 
594 353 736 512 
529 642 569 688 
197 5 262 34 
403 65 592 306 
669 268 769 374 
177 449 288 562 
282 1 445 188 
789 459 900 691 
446 375 544 567 
446 144 507 193 
49 119 92 152 
311 129 432 312 
881 561 900 656 
468 604 511 625 
642 113 688 183 
493 257 753 543 
137 657 169 688 
305 514 407 560 
265 1 427 108 
482 1 533 32 
1 87 96 215 
187 49 415 365 
768 577 801 609 
797 58 816 80 
1 386 112 479 
565 529 646 609 
499 610 608 722 
404 514 432 584 
352 1 553 236 
1 49 80 90 
697 441 816 543 
247 1 370 146 
310 1 445 188 
234 311 595 562 
704 20 800 42 
23 29 161 145 
640 80 672 112 
473 87 832 305 
296 308 411 351 
705 48 753 95 
460 22 496 54 
1 1 38 31 
375 185 410 244 
369 31 532 196 
55 33 122 80 
655 281 816 473 
251 453 288 495 
803 449 900 550 
281 304 334 374 
187 61 371 187 
450 68 634 182 
519 209 558 252 
674 317 726 374 
697 441 765 513 
817 280 900 352 
509 430 545 564 
306 511 424 567 
848 316 900 479 
747 384 900 558 
646 577 790 674 
784 532 883 659 
392 32 431 85 
456 273 486 357 
489 95 690 545 
512 81 629 117 
81 257 140 416 
464 561 608 723 
250 541 293 577 
722 286 900 383 
584 538 725 726 
818 1 900 128 
294 446 318 472 
520 150 548 176 
195 45 249 83 
321 81 464 182 
721 222 751 255 
300 354 446 478 
674 316 730 381 
49 17 70 53 
288 484 428 565 
79 401 208 576 
509 369 545 560 
172 561 478 725 
583 89 641 120 
817 529 851 550 
489 95 640 201 
243 306 464 592 
609 265 704 372 
312 126 395 169 
57 526 144 582 
531 160 583 216 
847 524 900 671 
441 513 480 560 
514 68 631 151 
498 176 522 199 
671 369 708 400 
820 151 864 172 
609 130 831 383 
828 593 884 662 
1 1 207 592 
848 385 900 464 
850 276 900 326 
807 467 864 527 
491 269 577 512 
299 135 351 209 
331 444 427 468 
778 548 832 688 
728 545 808 592 
73 604 238 725 
655 281 883 548 
378 111 399 136 
265 1 363 22 
529 590 607 688 
801 205 863 256 
772 166 834 241 
448 358 523 499 
321 326 409 349 
278 311 352 406 
304 561 448 683 
1 380 112 466 
377 38 432 108 
474 152 504 173 
737 230 808 285 
593 685 656 723 
541 85 641 120 
145 38 277 421 
830 216 849 241 
397 130 672 374 
315 83 380 109 
187 46 241 97 
441 487 464 531 
324 307 406 340 
625 73 662 98 
300 92 331 136 
668 624 768 674 
32 124 78 150 
725 457 900 726 
329 565 422 584 
301 583 415 624 
381 1 585 91 
401 306 437 375 
365 31 586 383 
541 85 605 106 
91 497 144 544 
737 150 900 292 
417 380 661 726 
832 320 880 353 
11 548 49 626 
525 90 655 290 
286 383 464 464 
682 1 796 44 
462 567 502 586 
221 593 259 687 
405 129 464 182 
1 177 57 288 
129 1 247 321 
789 459 885 644 
422 339 512 485 
330 456 435 479 
448 162 480 192 
474 158 559 253 
193 641 226 687 
384 418 433 449 
112 230 144 319 
314 81 381 108 
1 593 144 724 
464 337 513 432 
657 3 687 44 
400 62 426 88 
870 548 900 691 
768 1 900 81 
614 96 642 119 
866 385 900 458 
858 180 900 236 
337 360 400 404 
209 507 228 528 
528 143 655 290 
523 109 626 144 
310 324 425 370 
637 339 675 404 
291 249 340 314 
319 594 369 648 
865 353 900 400 
57 562 209 624 
865 235 900 256 
657 81 879 208 
23 73 144 192 
65 112 137 192 
498 269 576 335 
561 1 672 100 
668 625 768 719 
31 1 247 84 
594 350 900 543 
177 439 465 585 
195 35 255 83 
50 257 134 384 
290 193 339 302 
736 548 883 688 
556 167 672 306 
66 1 207 75 
485 95 792 564 
722 452 793 548 
312 488 561 633 
405 129 424 161 
446 130 508 193 
525 90 631 144 
266 1 413 108 
195 45 285 146 
785 321 895 383 
288 507 312 561 
608 302 630 342 
626 287 900 671 
286 534 312 584 
640 1 900 147 
721 626 879 726 
497 273 559 367 
300 85 401 143 
399 169 470 384 
91 321 160 416 
589 223 621 261 
424 445 448 474 
717 386 790 530 
297 355 401 410 
737 1 821 38 
453 358 523 499 
171 156 287 495 
286 58 453 145 
214 16 263 48 
280 396 324 478 
262 238 281 263 
317 71 360 91 
361 172 424 274 
94 589 259 687 
326 412 446 448 
380 17 592 381 
43 54 128 87 
855 305 896 358 
747 418 818 535 
513 18 584 55 
129 561 319 725 
214 1 305 56 
181 271 287 488 
503 177 544 229 
88 33 131 56 
586 279 621 323 
408 21 492 80 
315 309 413 353 
768 510 883 688 
524 561 608 723 
32 128 78 150 
491 449 520 561 
579 294 813 579 
25 289 80 368 
288 101 309 130 
584 229 690 339 
523 369 544 432 
639 283 690 337 
128 4 152 26 
320 705 490 728 
288 507 421 545 
240 256 295 368 
420 52 461 123 
299 308 320 351 
50 391 236 582 
608 302 639 342 
426 539 553 625 
509 150 900 681 
609 705 900 727 
1 548 59 720 
463 34 497 54 
513 337 624 502 
304 509 424 539 
71 630 160 720 
403 91 450 136 
79 368 232 576 
109 161 128 192 
542 240 577 264 
455 369 595 562 
321 316 412 350 
577 294 726 469 
397 1 816 114 
784 176 834 209 
84 203 182 513 
507 122 583 219 
548 105 632 132 
400 402 451 475 
312 161 351 209 
525 561 608 703 
683 48 806 177 
311 484 428 542 
297 291 461 415 
201 35 256 67 
673 232 768 304 
778 577 806 625 
625 352 672 416 
720 513 817 640 
98 162 128 209 
1 193 144 719 
321 314 402 336 
32 242 122 380 
642 209 736 272 
608 302 666 379 
1 548 285 723 
187 62 285 187 
197 5 262 37 
514 197 552 241 
285 422 323 477 
529 561 586 624 
652 388 724 470 
368 509 427 560 
256 65 415 312 
50 301 127 380 
289 552 424 636 
533 166 583 212 
818 450 863 490 
285 338 304 399 
798 461 886 558 
579 294 621 339 
161 316 194 352 
576 113 632 144 
145 433 214 496 
845 155 900 179 
194 62 285 187 
50 416 134 560 
313 293 415 325 
177 439 465 562 
425 448 444 470 
785 19 865 112 
189 200 220 220 
51 5 196 129 
672 353 752 469 
509 656 591 723 
782 609 827 673 
509 689 528 723 
359 505 450 585 
446 122 508 193 
161 255 317 488 
475 153 523 216 
529 456 900 726 
450 384 586 592 
305 655 491 727 
540 466 576 512 
624 401 718 512 
1 79 149 475 
423 446 450 475 
265 1 427 101 
254 1 673 144 
23 89 79 124 
91 321 116 368 
166 45 207 152 
57 561 209 672 
337 1 464 54 
539 512 595 561 
89 203 209 723 
583 537 721 722 
817 280 900 460 
289 633 487 726 
540 83 629 117 
523 70 556 102 
749 410 784 445 
316 302 374 348 
34 31 69 71 
511 132 583 216 
408 191 502 512 
1 672 177 729 
184 640 470 728 
303 354 416 411 
429 61 655 290 
321 193 415 312 
182 31 271 82 
608 359 655 411 
707 459 900 725 
503 177 544 225 
769 193 900 326 
693 286 900 560 
300 80 401 143 
288 193 341 302 
841 22 900 116 
747 418 875 560 
722 524 900 723 
365 160 586 383 
82 417 136 497 
584 538 719 726 
848 673 900 726 
829 577 892 672 
337 365 400 404 
19 222 118 271 
247 11 370 146 
305 586 464 688 
242 15 266 50 
32 122 78 150 
305 369 416 411 
315 58 453 145 
40 17 74 64 
311 171 414 237 
161 604 253 725 
753 175 900 307 
796 548 819 609 
74 593 253 725 
626 509 808 600 
289 441 318 472 
780 166 817 202 
112 689 144 722 
705 38 841 60 
641 229 688 303 
700 334 742 374 
673 1 813 60 
15 1 74 20 
1 123 48 192 
769 193 900 303 
269 309 464 478 
881 416 900 448 
516 8 577 31 
525 349 623 543 
800 204 837 255 
187 1 445 188 
71 73 144 192 
529 156 551 182 
623 273 724 443 
594 433 687 511 
50 416 186 576 
811 166 848 224 
641 353 675 396 
646 571 880 726 
273 507 304 559 
498 269 577 432 
57 561 257 723 
610 578 790 722 
673 1 900 138 
726 402 751 467 
673 1 841 60 
297 15 368 64 
177 498 208 528 
267 16 296 61 
285 309 317 399 
305 609 366 682 
321 85 382 108 
179 33 415 362 
179 33 272 214 
858 180 900 216 
23 77 127 142 
81 257 133 352 
313 172 357 201 
111 49 161 80 
1 49 117 85 
525 561 608 688 
540 83 580 107 
9 432 83 454 
624 321 675 404 
673 1 821 42 
657 113 688 144 
797 58 823 80 
614 255 741 374 
455 337 513 512 
283 16 304 48 
58 562 112 589 
564 673 592 723 
581 215 603 242 
635 146 686 183 
17 145 132 239 
395 34 434 81 
1 231 39 272 
525 535 560 559 
543 241 581 292 
642 514 735 573 
61 14 82 33 
193 673 224 702 
539 401 784 723 
789 459 900 664 
849 58 895 80 
25 77 127 134 
566 167 672 306 
769 103 900 196 
581 215 621 260 
689 160 781 364 
55 35 117 70 
300 354 412 406 
529 526 900 726 
496 289 536 465 
865 674 895 699 
562 257 662 404 
32 561 77 720 
848 385 900 456 
219 400 244 446 
735 354 896 462 
473 49 534 106 
514 197 533 241 
769 703 847 722 
1 417 112 719 
1 419 85 719 
279 67 320 91 
717 366 808 530 
641 353 883 656 
608 331 668 396 
798 464 900 562 
540 84 583 107 
1 81 97 288 
289 552 424 648 
489 95 704 381 
47 14 82 47 
305 609 347 658 
705 441 883 688 
454 486 474 511 
23 77 127 137 
612 593 720 725 
673 1 800 42 
459 563 502 589 
302 509 401 544 
784 346 879 399 
288 193 339 302 
240 212 305 362 
790 65 821 115 
321 81 467 182 
796 510 883 641 
725 665 900 726 
350 127 394 146 
717 386 788 517 
427 31 464 56 
448 160 519 222 
175 1 288 204 
545 280 596 337 
274 311 441 473 
798 461 886 560 
594 433 710 512 
96 161 128 207 
523 109 610 143 
300 540 415 572 
861 672 900 704 
315 173 344 218 
539 470 595 513 
261 439 465 585 
542 241 593 295 
305 80 432 201 
705 510 883 726 
294 446 316 469 
862 214 900 234 
32 625 77 720 
118 29 159 48 
524 370 543 399 
155 605 253 725 
849 522 884 560 
120 4 202 176 
533 166 583 216 
657 62 720 112 
849 58 895 95 
33 112 132 209 
624 379 710 480 
294 625 366 682 
129 674 177 723 
769 158 900 326 
510 4 560 28 
299 558 422 584 
510 37 671 102 
790 60 845 116 
113 705 372 726 
817 254 900 288 
839 627 880 672 
772 177 816 241 
57 561 209 723 
174 55 252 213 
430 95 461 126 
312 132 396 169 
561 106 808 469 
311 171 452 377 
313 293 391 325 
509 430 532 560 
498 68 641 144 
1 232 144 625 
50 145 116 207 
681 322 804 452 
581 215 619 258 
865 353 900 385 
429 57 562 225 
284 512 422 587 
49 129 78 150 
784 145 868 224 
89 418 193 576 
65 480 104 524 
561 1 720 100 
289 488 450 548 
125 417 159 448 
539 514 591 559 
453 369 502 512 
798 461 883 558 
305 594 336 648 
193 433 232 496 
737 1 784 22 
464 91 686 225 
7 161 128 273 
671 385 724 450 
179 35 256 83 
302 15 368 64 
303 354 421 411 
311 125 394 166 
178 88 364 368 
312 160 337 203 
710 461 748 488 
529 321 628 502 
18 184 132 239 
73 594 259 725 
817 498 883 560 
688 248 800 305 
858 180 900 257 
508 273 559 465 
843 117 900 147 
572 537 665 722 
408 177 487 309 
848 656 900 726 
1 232 144 614 
280 122 592 384 
375 586 464 655 
246 1 288 71 
464 91 686 253 
239 71 262 123 
54 33 113 57 
55 47 98 66 
697 384 900 543 
574 215 802 531 
84 37 117 60 
827 55 900 116 
498 269 560 319 
464 91 626 225 
870 625 895 672 
795 178 834 209 
848 155 900 224 
289 354 436 459 
15 1 74 64 
311 129 432 237 
428 65 583 236 
418 130 453 160 
720 513 784 577 
613 608 727 726 
430 95 461 123 
57 569 144 633 
1 203 72 418 
761 75 900 147 
512 3 547 22 
848 679 900 726 
65 480 104 528 
19 222 132 380 
496 1 624 91 
248 453 459 592 
447 401 469 485 
1 1 196 129 
812 566 883 659 
145 1 198 84 
846 481 900 558 
279 195 306 305 
245 58 289 77 
713 461 813 579 
862 58 895 81 
178 604 239 657 
877 561 900 687 
399 169 470 400 
305 561 421 592 
524 657 576 689 
365 217 398 281 
594 265 704 436 
31 1 133 32 
462 561 561 586 
840 22 900 116 
7 135 132 273 
517 52 595 74 
790 65 817 115 
1 673 112 724 
282 61 401 143 
1 86 82 193 
97 688 144 723 
658 673 719 719 
385 401 452 466 
403 65 529 196 
753 533 800 559 
609 441 900 727 
768 550 809 576 
171 78 279 404 
23 73 144 145 
288 507 422 565 
592 336 628 384 
171 32 287 488 
509 535 661 726 
421 616 464 637 
608 109 631 128 
50 75 96 96 
414 481 666 723 
248 453 337 559 
54 33 114 57 
651 297 690 336 
861 332 896 358 
285 445 318 481 
1 417 143 719 
71 619 138 720 
862 45 896 81 
309 135 347 157 
23 29 161 209 
253 577 278 642 
393 401 461 504 
614 339 726 469 
421 80 461 126 
417 380 591 720 
850 515 886 558 
790 65 838 115 
567 127 627 151 
58 641 79 673 
382 45 423 89 
265 177 416 344 
699 1 900 142 
371 648 428 688 
299 175 346 233 
444 186 527 357 
657 145 704 208 
674 62 720 112 
529 96 649 239 
64 249 132 351 
112 605 192 725 
179 33 319 362 
768 1 821 33 
289 400 435 480 
98 82 127 128 
705 38 813 60 
91 465 129 497 
403 65 466 136 
420 439 447 474 
603 209 800 335 
286 92 382 144 
673 256 720 288 
774 432 807 452 
400 465 465 527 
1 79 150 225 
798 465 863 537 
245 218 305 362 
87 593 160 688 
299 401 452 454 
289 493 331 548 
674 316 792 448 
715 498 761 534 
865 385 900 464 
862 31 896 81 
817 449 882 540 
577 90 641 126 
457 465 482 499 
635 97 720 230 
785 1 900 54 
286 383 464 478 
96 579 143 607 
583 176 656 240 
330 115 371 136 
280 445 324 478 
81 301 127 368 
779 151 867 242 
28 561 127 719 
517 273 544 401 
627 269 667 309 
769 443 799 497 
1 1 141 96 
514 273 559 401 
671 386 729 476 
299 560 344 581 
610 509 808 722 
297 314 445 454 
497 641 518 673 
1 188 48 214 
66 1 201 75 
306 113 325 135 
583 257 620 316 
799 211 863 256 
101 370 128 432 
119 229 139 288 
1 382 49 404 
753 593 790 625 
297 291 406 348 
125 417 159 480 
705 193 751 255 
1 75 149 475 
489 95 704 201 
848 662 900 726 
33 62 114 87 
74 589 253 725 
833 1 854 22 
55 43 117 70 
185 490 280 561 
707 462 836 610 
498 705 661 726 
722 642 897 723 
720 513 800 577 
625 370 655 411 
297 291 385 325 
814 76 837 112 
808 177 900 273 
656 209 736 271 
693 377 752 476 
234 311 461 504 
422 436 447 475 
287 540 421 635 
311 484 407 508 
657 441 885 726 
847 154 900 224 
343 93 445 163 
81 112 127 137 
62 450 112 511 
529 168 583 236 
17 549 240 625 
706 130 783 272 
214 1 305 37 
329 486 401 512 
304 583 415 624 
848 155 900 216 
717 1 784 32 
65 577 143 607 
450 486 474 531 
642 209 737 287 
673 1 900 128 
267 16 445 188 
182 1 247 35 
724 401 789 479 
82 480 104 516 
306 512 418 539 
833 321 854 352 
516 12 576 32 
17 218 97 273 
672 353 799 497 
545 176 583 218 
1 607 112 726 
321 83 434 128 
303 354 430 413 
881 579 900 664 
258 327 296 440 
177 439 411 562 
1 386 143 719 
554 66 671 102 
861 113 900 143 
438 619 462 675 
453 629 473 670 
324 290 430 361 
1 434 86 725 
234 354 434 484 
489 95 768 208 
809 370 880 461 
817 241 900 320 
669 240 736 271 
299 411 438 454 
870 556 900 672 
393 57 592 381 
705 289 737 351 
129 561 278 609 
509 593 608 723 
290 444 318 472 
594 379 710 512 
177 449 198 496 
344 128 370 149 
310 633 487 726 
637 339 675 387 
465 553 661 726 
518 198 586 288 
329 561 422 587 
608 316 630 342 
785 129 832 163 
273 541 293 562 
480 703 513 723 
311 135 357 201 
381 624 448 655 
609 268 831 383 
51 49 172 144 
57 561 209 633 
87 609 144 633 
399 311 461 415 
203 465 224 496 
30 33 131 88 
465 186 520 432 
283 311 450 526 
512 34 544 57 
720 160 776 224 
510 37 659 80 
129 636 159 672 
378 1 673 91 
378 1 410 32 
865 369 900 464 
71 673 160 723 
90 232 140 416 
399 309 424 359 
784 289 900 385 
50 306 102 351 
441 358 465 400 
525 91 626 141 
125 205 154 272 
782 156 900 274 
297 311 445 454 
399 311 424 359 
139 305 175 354 
831 506 886 562 
784 241 900 479 
572 1 816 114 
800 206 832 255 
193 313 287 488 
542 85 629 117 
33 561 66 625 
283 453 410 507 
399 311 429 359 
577 77 624 111 
321 323 409 349 
112 227 139 290 
425 562 544 672 
32 593 97 720 
513 337 624 511 
161 604 239 725 
576 125 626 144 
790 79 818 112 
657 81 900 208 
747 418 789 479 
669 279 725 374 
404 538 432 567 
707 462 766 514 
81 4 128 23 
572 1 671 48 
554 239 576 263 
848 135 900 176 
145 7 190 84 
722 286 808 383 
594 265 753 436 
288 507 421 560 
290 175 346 302 
491 384 512 512 
614 339 729 469 
87 593 144 633 
96 593 144 614 
295 631 321 653 
240 212 263 243 
722 375 746 398 
799 205 900 288 
441 619 462 643 
353 83 380 108 
302 17 336 55 
594 402 687 511 
59 626 127 719 
578 202 609 239 
561 94 634 117 
545 279 638 354 
497 269 624 511 
689 672 719 691 
42 1 247 84 
658 640 754 719 
57 561 144 633 
508 306 598 432 
369 389 463 475 
441 497 463 531 
299 1 379 48 
614 255 667 310 
642 466 709 511 
52 21 114 57 
513 18 583 53 
609 509 900 728 
93 585 209 633 
812 566 880 648 
425 384 586 719 
113 369 292 720 
385 651 433 673 
128 673 160 720 
305 15 368 64 
281 609 371 656 
706 626 785 678 
657 3 736 112 
1 160 32 190 
491 622 512 656 
421 616 481 703 
312 488 450 526 
517 273 559 401 
814 76 864 128 
1 385 103 464 
160 337 182 383 
575 176 656 262 
625 1 736 112 
509 561 661 726 
740 233 776 256 
145 641 192 672 
831 506 863 537 
613 40 673 80 
594 592 642 626 
626 287 672 352 
784 337 895 399 
283 453 449 507 
299 306 463 454 
833 559 882 592 
315 83 352 108 
338 132 371 160 
266 515 421 598 
128 1 152 26 
267 16 427 101 
518 198 558 240 
139 236 236 480 
799 369 900 560 
50 203 236 582 
831 134 900 158 
266 488 450 598 
785 63 818 112 
469 91 626 150 
1 241 103 475 
563 89 629 108 
870 579 900 672 
71 626 138 720 
1 385 103 475 
133 417 176 496 
539 426 715 564 
242 561 285 643 
321 351 434 412 
737 1 767 22 
641 81 900 461 
317 308 406 349 
553 189 624 321 
331 455 421 478 
33 135 132 209 
64 112 97 146 
426 539 553 672 
641 209 768 304 
273 289 317 452 
801 546 883 656 
743 321 900 550 
444 186 528 561 
717 386 885 647 
703 346 746 398 
258 1 624 95 
724 390 789 479 
543 241 596 295 
97 418 130 452 
538 96 642 144 
311 484 428 544 
401 306 428 354 
769 176 900 326 
173 498 208 559 
287 110 345 314 
365 171 480 383 
683 48 900 196 
783 273 895 341 
129 673 160 720 
266 1 368 64 
240 49 300 148 
524 561 652 723 
294 625 324 647 
311 135 349 180 
145 657 183 725 
242 80 319 237 
311 484 401 516 
234 354 461 504 
291 424 423 500 
1 167 47 194 
737 268 815 305 
753 593 790 624 
513 393 545 464 
481 150 508 175 
474 158 552 253 
578 202 645 275 
603 209 671 271 
566 193 672 306 
337 125 394 163 
30 55 121 88 
672 353 736 456 
1 593 177 727 
305 514 421 565 
479 102 532 152 
516 145 551 181 
669 268 831 383 
113 561 278 643 
297 301 347 325 
177 599 257 672 
830 156 900 184 
529 198 586 275 
783 291 818 335 
784 346 880 461 
1 241 103 465 
76 604 238 720 
775 551 824 610 
526 658 591 720 
96 434 129 495 
541 77 641 126 
57 497 144 585 
860 662 900 723 
283 379 450 526 
283 16 336 64 
555 240 586 294 
1 1 247 90 
28 640 65 719 
89 449 208 576 
798 461 900 562 
785 446 863 490 
187 49 300 187 
280 379 324 478 
455 384 522 562 
1 419 95 719 
542 85 605 105 
266 1 592 306 
548 105 596 130 
523 68 641 126 
397 1 580 80 
849 368 900 460 
520 200 559 253 
82 401 143 497 
165 64 194 212 
17 549 250 625 
782 156 858 274 
784 289 896 399 
57 232 144 614 
785 625 832 688 
67 599 112 673 
513 337 655 511 
300 402 446 478 
705 48 784 118 
474 679 513 723 
145 80 276 409 
52 33 112 62 
319 324 412 352 
139 305 182 383 
609 96 768 208 
593 526 657 606 
798 464 863 537 
561 257 672 416 
321 402 446 478 
640 1 749 64 
864 561 892 671 
155 688 180 720 
106 322 129 368 
736 626 785 666 
426 513 553 726 
299 355 383 402 
529 144 649 239 
795 166 817 192 
96 529 144 558 
674 321 724 371 
96 193 132 239 
861 331 900 367 
584 209 832 305 
32 242 134 384 
666 640 714 674 
672 385 724 450 
705 22 840 61 
561 95 604 117 
408 191 553 726 
394 31 460 72 
539 465 784 602 
620 668 656 720 
240 385 307 484 
736 389 762 419 
400 438 450 475 
578 625 656 722 
352 652 428 688 
1 167 47 198 
71 139 132 192 
64 480 96 528 
529 198 558 240 
829 577 900 723 
81 232 140 432 
60 599 87 677 
424 450 450 476 
418 130 464 182 
521 535 568 566 
778 544 892 688 
529 689 591 720 
31 1 74 71 
291 102 400 144 
1 123 57 288 
669 279 704 336 
641 130 783 299 
697 441 832 543 
9 428 83 466 
178 6 247 35 
529 705 608 724 
608 138 673 208 
670 240 736 271 
17 144 140 387 
529 118 686 205 
287 453 325 480 
1 226 127 414 
52 33 110 53 
97 273 140 384 
497 269 560 367 
446 630 494 722 
113 701 372 726 
783 289 895 341 
114 674 177 723 
57 569 112 593 
610 622 719 722 
844 149 900 184 
525 93 549 138 
829 561 900 723 
530 68 576 91 
1 193 118 288 
522 289 559 335 
324 595 402 664 
753 443 801 524 
577 1 900 183 
797 544 892 671 
254 1 320 97 
316 311 412 352 
609 268 688 381 
722 268 831 383 
584 96 832 305 
114 449 208 560 
180 64 204 204 
455 369 545 562 
678 326 723 372 
337 22 401 81 
1 240 45 337 
273 339 293 452 
833 1 889 34 
297 315 438 415 
129 80 181 321 
861 673 900 723 
171 433 224 528 
33 610 65 656 
193 449 305 561 
529 337 625 502 
279 261 306 355 
81 620 104 672 
594 359 710 512 
516 145 583 216 
306 515 407 560 
321 314 409 349 
458 130 478 154 
780 158 866 202 
381 616 464 655 
496 269 576 465 
462 433 520 561 
396 41 432 88 
706 626 880 726 
418 130 453 175 
453 382 484 481 
785 158 866 191 
510 131 551 182 
514 68 627 151 
806 474 884 552 
417 498 496 631 
693 417 724 450 
848 353 900 479 
17 129 149 239 
429 57 477 129 
516 8 591 54 
715 485 765 534 
315 83 380 108 
830 156 867 183 
870 565 900 672 
800 1 896 34 
79 401 144 548 
373 1 671 161 
33 561 66 656 
705 48 784 122 
783 291 831 335 
575 175 656 262 
309 115 394 157 
220 400 248 448 
699 42 749 64 
801 354 896 433 
176 689 220 720 
548 109 592 130 
529 168 558 208 
75 626 127 719 
489 95 690 339 
358 1 381 22 
485 192 669 512 
397 130 482 222 
57 417 144 611 
457 129 486 161 
112 673 161 723 
577 526 727 726 
513 393 545 480 
1 241 72 418 
453 373 484 499 
785 158 849 191 
369 389 463 466 
859 320 880 352 
577 513 666 648 
470 613 587 723 
702 130 783 272 
371 168 443 361 
1 33 57 68 
129 674 160 723 
641 209 737 303 
425 60 585 276 
520 529 543 562 
167 599 186 640 
1 241 44 336 
128 1 153 23 
848 627 876 656 
849 524 900 562 
1 591 259 726 
426 486 553 726 
705 48 806 177 
80 363 124 466 
465 538 752 726 
612 593 704 722 
1 1 133 68 
772 145 900 241 
320 129 405 192 
527 611 559 639 
113 383 319 725 
184 7 203 51 
248 453 401 559 
188 63 281 187 
451 633 481 703 
420 52 461 126 
258 12 304 70 
682 1 768 36 
27 77 127 137 
97 336 128 384 
313 172 341 197 
880 481 900 513 
387 160 586 309 
266 1 336 64 
671 279 704 336 
850 1 900 54 
624 209 672 266 
848 135 900 256 
702 130 783 223 
454 358 523 384 
417 108 529 196 
266 488 561 631 
1 193 118 414 
453 337 513 512 
80 322 129 466 
474 158 596 295 
399 169 470 436 
834 277 900 367 
481 1 673 80 
129 439 176 513 
778 593 798 625 
193 449 305 562 
97 209 120 239 
690 113 722 160 
613 593 752 726 
42 13 161 36 
1 548 259 726 
789 540 817 573 
572 537 721 722 
529 337 596 367 
523 321 655 502 
34 322 62 351 
80 616 112 673 
722 274 880 461 
177 1 249 33 
667 642 719 719 
516 145 583 212 
305 102 400 144 
817 241 900 288 
737 513 782 545 
57 514 96 585 
531 160 550 181 
609 96 704 193 
1 129 149 288 
442 487 464 527 
586 278 612 309 
161 255 203 352 
1 1 152 68 
369 360 400 397 
867 528 900 558 
1 593 65 719 
571 145 686 192 
80 620 104 673 
678 283 704 336 
66 46 113 71 
505 211 564 289 
58 671 77 719 
25 249 133 380 
342 585 456 688 
397 160 482 222 
65 29 161 80 
523 98 626 144 
305 4 592 306 
57 434 144 589 
172 236 204 317 
299 175 346 208 
33 194 117 239 
97 337 128 383 
512 34 623 90 
811 370 880 460 
297 346 425 411 
177 641 226 720 
805 19 852 74 
177 1 249 31 
673 256 735 303 
113 369 292 643 
784 289 895 383 
625 1 865 112 
745 601 900 725 
784 321 847 369 
297 40 336 64 
848 385 900 479 
392 31 532 196 
310 308 368 349 
725 1 784 26 
858 175 900 216 
509 590 607 695 
513 369 545 480 
737 65 832 193 
320 97 448 209 
129 561 319 699 
282 61 371 102 
814 67 838 112 
171 450 208 528 
489 95 704 545 
761 59 900 147 
520 466 595 562 
722 286 831 383 
516 12 576 31 
125 369 232 496 
799 206 863 256 
49 17 70 61 
673 1 865 112 
382 80 432 112 
832 494 900 555 
408 21 465 80 
369 530 422 577 
514 93 628 138 
571 118 686 192 
705 441 736 513 
294 448 316 469 
674 316 725 374 
753 593 790 640 
715 250 737 272 
96 434 129 479 
302 1 545 95 
421 513 553 625 
775 551 836 610 
633 369 656 404 
253 577 278 643 
81 257 127 304 
722 625 847 722 
408 17 534 89 
561 416 608 511 
58 609 138 720 
799 462 850 514 
96 512 186 559 
678 283 808 530 
525 93 626 141 
769 703 838 722 
49 142 97 161 
848 155 900 175 
513 369 545 543 
480 148 586 289 
481 34 595 71 
736 389 777 438 
133 470 305 662 
753 477 784 524 
1 1 196 225 
865 561 900 672 
875 212 900 234 
139 353 160 373 
470 620 511 640 
701 441 765 534 
590 230 621 260 
737 65 900 193 
465 108 529 196 
369 530 422 565 
796 510 883 656 
852 1 900 36 
155 596 253 725 
577 121 642 156 
583 121 642 156 
413 498 561 631 
481 161 564 289 
674 317 725 373 
753 175 900 292 
817 467 864 527 
57 417 144 585 
311 135 349 166 
322 327 403 346 
817 241 900 479 
730 380 784 445 
464 100 562 225 
44 31 69 71 
800 463 850 514 
731 366 808 452 
705 624 768 671 
112 225 177 421 
397 1 624 91 
785 337 895 383 
561 243 581 275 
408 176 520 485 
1 50 46 79 
747 418 777 479 
861 175 900 216 
545 339 624 502 
49 383 95 432 
635 97 783 272 
129 621 192 694 
544 512 595 561 
385 401 452 453 
321 402 446 464 
144 369 288 562 
745 584 900 725 
722 544 897 723 
865 235 900 272 
577 513 657 606 
553 189 724 443 
304 561 434 683 
635 96 783 272 
637 401 688 432 
304 359 383 401 
525 289 559 335 
1 381 118 592 
829 625 875 656 
306 113 325 138 
705 150 900 461 
529 569 652 724 
321 200 415 312 
524 657 608 723 
642 379 678 416 
1 49 132 239 
258 1 399 88 
801 354 896 460 
521 81 547 113 
160 337 182 370 
817 225 900 303 
258 12 376 87 
509 593 591 723 
523 95 622 143 
564 673 608 724 
371 654 428 688 
577 426 610 527 
258 1 379 87 
721 495 793 565 
447 632 481 703 
129 593 257 672 
612 593 642 624 
269 365 292 448 
671 385 729 477 
161 255 203 390 
129 593 257 720 
646 577 790 639 
297 355 367 410 
234 384 277 421 
287 540 415 589 
337 365 421 404 
77 386 104 416 
343 112 400 144 
832 494 875 540 
861 175 900 226 
97 274 127 303 
817 449 880 513 
55 45 97 66 
303 355 384 396 
561 21 584 55 
244 233 281 263 
371 4 399 46 
632 331 660 367 
234 368 279 440 
801 498 883 560 
768 550 836 610 
196 128 238 154 
52 33 113 62 
320 177 344 218 
816 64 838 103 
173 526 192 559 
298 306 319 328 
81 257 140 319 
716 578 768 633 
657 1 784 122 
704 23 800 42 
1 7 57 68 
52 33 112 53 
686 320 736 356 
624 12 643 41 
624 348 669 412 
766 417 792 447 
129 621 192 687 
179 33 319 239 
408 176 520 373 
862 538 886 562 
589 223 620 253 
81 232 140 416 
539 497 595 561 
84 368 132 432 
785 1 896 34 
1 86 48 193 
289 135 344 218 
129 605 192 725 
369 509 421 545 
690 1 736 33 
610 622 689 722 
527 561 586 639 
1 113 70 176 
625 1 900 122 
574 118 641 151 
1 240 80 414 
125 65 182 354 
674 48 784 118 
44 17 113 71 
626 287 703 360 
491 622 518 687 
869 203 900 224 
507 125 552 179 
400 438 446 466 
766 417 792 446 
353 351 434 411 
523 21 591 54 
670 240 737 272 
417 498 561 631 
421 443 450 475 
360 22 434 102 
335 192 421 323 
768 577 852 657 
817 449 866 495 
76 625 97 673 
642 385 700 436 
311 119 330 138 
509 688 591 723 
254 1 304 70 
509 430 536 560 
640 1 900 143 
865 235 900 257 
761 64 900 147 
129 87 152 198 
66 1 133 22 
47 577 66 625 
50 301 127 368 
23 73 144 209 
525 349 718 543 
114 321 176 496 
669 289 688 309 
140 323 159 352 
671 353 736 477 
701 441 736 513 
881 417 900 458 
129 593 192 672 
849 674 887 723 
29 79 149 181 
848 135 900 226 
321 361 438 415 
508 363 536 432 
1 1 141 132 
215 576 456 700 
288 400 435 480 
833 1 900 22 
577 90 624 116 
196 689 239 714 
514 68 624 138 
397 1 672 112 
667 640 735 680 
721 584 900 725 
166 45 207 196 
182 31 240 82 
331 473 410 492 
292 443 320 474 
849 218 900 240 
658 146 703 207 
780 593 852 688 
669 233 736 287 
18 184 112 224 
74 619 127 705 
325 315 406 339 
425 446 447 472 
315 173 335 197 
290 195 339 302 
221 562 319 699 
90 273 140 385 
704 106 744 128 
860 673 900 723 
91 467 132 512 
171 391 236 559 
626 514 784 600 
356 1 545 95 
179 45 208 83 
538 105 628 144 
485 152 504 173 
509 430 528 511 
849 368 900 459 
433 494 452 530 
626 348 662 374 
738 545 808 577 
89 530 160 576 
125 369 214 496 
667 641 714 680 
65 112 132 192 
145 541 240 570 
832 321 854 353 
465 186 512 256 
690 3 736 33 
493 257 662 465 
817 594 883 666 
769 105 863 145 
303 355 389 398 
639 284 661 307 
480 148 508 186 
300 354 352 406 
541 77 624 111 
286 78 307 101 
702 1 800 38 
866 385 900 448 
299 411 445 454 
315 81 467 182 
318 488 383 511 
630 265 667 305 
655 281 690 336 
865 31 896 55 
799 462 850 516 
113 625 160 692 
561 17 672 100 
163 64 188 183 
57 497 144 589 
433 654 533 728 
173 529 192 559 
1 593 60 719 
425 562 544 625 
112 209 144 352 
529 305 624 384 
232 80 319 360 
165 64 188 183 
42 1 198 84 
453 374 502 512 
97 297 133 352 
66 579 143 608 
266 547 293 598 
394 361 422 400 
201 35 255 67 
586 33 673 80 
63 641 96 672 
414 513 553 625 
1 86 98 212 
448 358 595 562 
413 580 433 620 
673 1 753 38 
112 240 132 290 
524 642 576 689 
365 168 470 384 
145 45 276 409 
683 96 752 168 
715 456 787 534 
93 37 119 65 
73 681 159 725 
405 129 484 192 
347 649 369 679 
753 550 817 640 
848 235 900 260 
529 696 587 723 
81 301 127 352 
785 625 849 688 
520 514 591 562 
529 198 586 288 
693 377 807 476 
427 145 464 182 
258 1 387 88 
511 25 582 54 
589 279 638 354 
706 625 880 726 
587 526 657 606 
529 348 625 502 
381 1 671 102 
521 545 545 564 
513 9 576 32 
513 339 624 502 
717 386 885 644 
768 510 883 666 
701 418 818 547 
455 17 492 79 
453 358 523 481 
529 336 628 502 
701 441 801 547 
37 20 62 46 
589 279 669 412 
686 315 736 356 
91 305 134 384 
498 610 661 726 
603 96 800 356 
847 524 900 562 
609 705 900 728 
796 556 817 623 
194 63 264 187 
554 196 581 261 
612 593 642 618 
330 509 421 545 
705 1 900 81 
423 288 452 377 
356 1 624 95 
583 257 612 309 
721 626 847 719 
240 212 281 260 
50 380 96 431 
320 129 448 209 
641 466 710 512 
337 17 369 64 
849 401 874 432 
847 524 900 640 
297 315 445 454 
37 14 82 46 
81 434 128 479 
630 261 666 301 
784 289 895 341 
88 33 129 55 
705 593 852 688 
276 1 363 22 
1 385 103 465 
182 44 209 122 
97 192 132 239 
855 97 900 122 
112 205 182 383 
58 562 86 585 
693 342 745 397 
577 294 603 323 
724 390 863 490 
287 265 333 304 
799 211 840 256 
222 609 259 687 
453 609 656 723 
529 642 568 672 
664 279 753 400 
58 383 95 417 
730 379 804 452 
454 358 523 401 
465 186 527 353 
305 561 420 592 
112 673 160 720 
378 1 510 49 
1 548 60 720 
176 696 220 720 
829 595 883 672 
337 22 387 81 
1 177 57 214 
642 209 736 271 
491 369 545 560 
465 160 484 192 
782 440 810 470 
706 449 793 565 
368 600 402 636 
426 513 553 719 
114 672 160 692 
509 642 591 723 
543 402 608 479 
450 608 511 672 
232 80 319 242 
510 37 662 80 
706 160 781 272 
481 161 519 222 
239 16 263 48 
315 164 357 201 
721 670 879 726 
489 95 690 416 
58 579 143 608 
454 380 595 562 
101 369 132 432 
49 146 116 209 
527 206 548 232 
17 192 132 239 
114 225 177 421 
65 80 127 134 
495 641 518 687 
58 609 79 719 
250 549 292 577 
521 512 602 639 
1 203 103 475 
693 369 900 560 
7 215 32 242 
365 171 402 209 
297 346 438 413 
369 36 401 81 
283 464 337 507 
640 1 744 63 
529 176 604 234 
594 433 715 528 
706 449 734 481 
705 289 737 336 
833 1 900 36 
119 230 144 319 
656 209 720 256 
321 80 401 145 
795 454 875 560 
113 449 134 479 
17 79 149 387 
114 642 191 723 
256 65 400 148 
241 256 269 317 
493 269 624 465 
310 346 425 370 
656 379 678 416 
849 662 897 723 
657 1 720 112 
381 58 585 276 
395 93 445 148 
498 269 576 431 
305 514 335 536 
86 591 251 621 
322 553 420 573 
329 488 401 510 
160 255 244 448 
453 609 522 719 
554 196 585 274 
145 383 224 559 
705 609 785 678 
392 32 420 80 
659 386 696 416 
572 590 607 687 
378 1 534 89 
768 441 818 474 
702 8 865 112 
178 6 203 35 
337 455 421 478 
630 241 688 301 
304 583 424 631 
584 209 736 301 
89 257 127 303 
322 586 464 664 
394 473 459 592 
145 33 202 84 
498 513 520 561 
1 88 117 225 
387 160 564 309 
683 96 768 168 
673 315 709 349 
641 705 769 726 
330 456 449 479 
849 135 900 165 
230 149 259 175 
669 387 696 421 
27 75 111 123 
257 161 284 187 
390 45 424 85 
428 65 466 107 
491 622 528 723 
541 480 595 513 
509 512 666 704 
666 640 719 691 
508 306 577 432 
417 498 590 720 
50 301 127 352 
19 222 132 351 
113 383 265 591 
673 1 704 30 
295 379 320 410 
96 208 117 239 
656 379 678 404 
861 672 900 699 
780 158 900 288 
129 129 149 207 
176 46 261 187 
187 49 415 312 
609 138 673 193 
459 563 488 589 
497 273 529 367 
288 534 312 561 
747 418 787 495 
123 321 168 421 
474 679 498 720 
28 561 97 719 
371 10 397 46 
574 118 641 156 
590 224 621 261 
454 373 481 401 
512 34 624 91 
1 218 127 414 
635 97 688 183 
289 379 400 480 
862 206 888 226 
852 1 900 45 
1 49 98 212 
369 401 452 466 
858 180 900 234 
523 369 544 400 
63 593 97 672 
129 605 176 663 
473 87 632 160 
477 233 520 353 
847 218 900 272 
89 605 166 624 
566 193 690 337 
87 465 128 497 
811 569 830 593 
473 87 622 160 
864 561 900 671 
381 488 420 508 
626 497 736 600 
583 426 715 528 
49 13 161 36 
609 465 715 528 
681 320 740 373 
846 481 900 550 
65 576 209 624 
834 280 879 303 
673 1 821 38 
85 258 112 304 
1 172 57 212 
27 77 111 123 
724 401 752 469 
359 465 465 585 
525 449 544 543 
834 274 900 320 
42 17 113 71 
171 46 277 366 
295 445 317 470 
562 257 647 352 
874 556 900 612 
287 138 336 303 
521 17 587 51 
793 657 897 723 
384 640 417 664 
63 335 97 380 
11 512 90 626 
590 284 647 352 
785 465 816 543 
1 419 95 720 
65 1 92 27 
626 348 662 404 
327 85 374 108 
45 142 98 161 
376 214 398 281 
395 34 420 65 
722 642 847 722 
422 443 441 475 
689 678 717 719 
462 449 520 561 
828 480 882 540 
611 587 665 648 
625 3 736 112 
832 494 900 558 
529 641 576 688 
697 441 787 534 
58 621 138 720 
93 605 192 723 
72 621 138 720 
261 218 281 260 
561 106 799 374 
145 641 176 663 
428 65 529 196 
626 287 672 372 
657 578 790 666 
243 701 272 720 
144 369 193 496 
476 369 496 401 
280 49 376 87 
155 594 259 725 
610 542 636 586 
548 105 626 141 
624 209 720 266 
1 167 48 214 
821 65 840 104 
822 337 895 383 
583 145 704 240 
64 249 133 352 
94 530 142 559 
67 591 251 673 
546 354 607 399 
497 269 577 432 
320 172 357 201 
576 257 620 316 
590 283 619 321 
601 94 624 116 
321 97 434 128 
453 337 528 561 
878 691 900 722 
17 184 117 241 
737 258 832 305 
279 195 306 271 
505 430 544 545 
590 225 621 261 
817 449 900 550 
671 66 703 102 
113 29 161 86 
610 379 710 480 
448 160 564 289 
530 338 598 368 
1 209 40 288 
311 484 369 516 
312 166 337 203 
575 167 656 262 
145 383 182 448 
827 498 863 537 
682 1 714 36 
356 1 464 54 
641 241 688 299 
1 609 138 724 
693 382 752 476 
798 461 865 529 
508 363 536 465 
489 95 581 162 
664 321 724 372 
703 346 730 381 
286 562 305 584 
477 233 520 432 
671 385 787 534 
589 223 620 254 
706 130 783 234 
657 1 704 30 
702 1 820 38 
596 228 622 258 
593 293 613 316 
284 515 417 580 
645 593 752 681 
800 1 889 34 
248 453 337 548 
15 440 49 466 
1 222 133 414 
875 401 900 464 
315 83 374 108 
509 658 608 723 
586 278 638 347 
118 273 140 319 
17 161 132 239 
1 593 64 720 
171 78 277 366 
529 144 580 205 
320 641 366 682 
442 117 479 161 
710 461 756 497 
17 214 117 241 
447 122 472 150 
176 78 241 185 
241 250 289 360 
737 513 787 545 
283 453 337 507 
274 175 346 261 
527 610 564 639 
702 8 840 61 
261 439 411 559 
195 9 250 33 
240 385 294 484 
161 255 244 448 
491 622 520 688 
71 689 113 723 
657 3 736 65 
705 1 854 104 
121 98 144 145 
535 68 576 91 
57 576 143 611 
424 445 447 474 
744 45 808 92 
523 112 580 162 
673 1 705 30 
67 599 87 642 
287 562 318 589 
798 464 832 513 
9 428 83 454 
848 385 900 433 
529 156 551 187 
300 412 437 454 
787 74 863 128 
671 304 704 336 
400 424 445 453 
864 577 892 671 
865 679 900 699 
625 385 700 436 
739 232 768 256 
67 33 113 65 
129 561 285 598 
145 7 202 84 
630 233 736 301 
237 32 266 56 
376 80 397 108 
635 145 686 183 
112 625 160 688 
413 59 432 86 
641 209 737 299 
322 85 374 108 
706 274 735 303 
592 587 665 688 
491 430 528 544 
248 454 337 548 
161 593 184 640 
657 66 704 112 
783 289 842 341 
114 321 168 421 
864 1 900 22 
499 8 528 43 
572 578 607 687 
632 331 656 352 
490 25 517 46 
129 593 184 640 
846 481 900 527 
185 145 206 183 
878 688 900 722 
312 134 355 160 
855 320 880 353 
854 88 886 113 
280 40 413 108 
32 128 64 150 
527 1 585 28 
555 68 623 90 
286 396 320 452 
753 175 900 352 
7 215 97 273 
705 289 752 336 
527 512 602 639 
181 255 244 355 
316 166 407 220 
809 552 882 594 
473 80 524 106 
673 253 764 304 
849 674 880 721 
123 203 177 421 
457 450 482 484 
244 262 269 338 
672 385 717 439 
23 75 127 137 
476 337 504 401 
315 83 352 109 
139 305 164 362 
865 577 892 672 
692 144 739 168 
722 625 885 726 
283 452 450 507 
274 175 415 312 
1 203 40 289 
827 65 890 111 
1 231 32 272 
107 379 132 416 
529 643 568 672 
339 30 363 55 
828 559 883 640 
129 7 202 321 
512 25 560 53 
97 48 117 70 
523 353 545 464 
177 78 206 183 
1 175 57 212 
343 137 395 163 
678 326 722 370 
578 1 687 48 
586 33 703 102 
193 407 216 447 
738 546 808 577 
702 1 865 112 
349 132 371 160 
509 658 656 723 
298 77 320 104 
586 30 806 114 
706 626 879 726 
705 441 765 513 
529 658 591 720 
139 316 194 384 
689 354 720 384 
785 58 837 112 
1 593 59 720 
657 527 689 560 
17 162 111 223 
535 106 560 136 
315 82 351 108 
297 346 425 410 
801 337 895 383 
1 231 45 337 
444 251 486 368 
609 167 640 208 
96 577 143 611 
97 161 128 209 
417 507 496 631 
322 595 402 664 
333 479 449 526 
132 1 201 75 
641 241 688 303 
113 625 159 664 
34 383 112 438 
668 625 768 662 
635 96 783 299 
754 321 900 464 
818 225 863 256 
297 346 432 411 
667 642 719 701 
516 145 551 178 
71 630 138 720 
529 121 673 240 
735 381 816 448 
834 277 900 320 
642 209 672 229 
610 38 662 61 
768 556 883 666 
89 497 186 576 
145 641 166 663 
145 390 167 415 
641 209 736 288 
578 1 806 114 
337 1 370 32 
1 113 48 193 
832 313 851 352 
171 433 228 559 
485 192 575 289 
626 514 736 600 
394 39 413 64 
327 83 380 108 
177 433 214 496 
592 222 645 275 
570 513 666 704 
81 73 144 97 
572 1 624 48 
785 1 900 81 
388 38 432 88 
390 675 416 694 
97 297 134 326 
341 411 438 434 
114 49 161 80 
593 267 623 288 
305 65 592 306 
529 321 596 367 
657 145 720 230 
778 577 816 625 
171 32 279 404 
592 591 647 688 
182 32 266 82 
720 160 780 256 
673 256 714 287 
129 87 152 143 
853 1 900 22 
545 27 591 54 
566 193 690 381 
657 578 790 640 
203 444 232 496 
33 593 65 656 
1 381 83 431 
631 622 689 722 
310 258 345 308 
123 321 160 416 
177 672 224 719 
476 337 504 432 
818 103 864 128 
785 158 839 193 
464 337 486 380 
539 512 657 704 
720 401 751 467 
448 92 480 127 
381 296 430 361 
737 65 800 177 
689 705 769 726 
785 386 816 447 
515 59 623 90 
34 383 97 433 
440 339 512 485 
562 561 647 719 
512 47 624 91 
881 417 900 456 
525 337 592 368 
818 530 845 549 
862 175 900 196 
114 499 143 543 
597 305 618 354 
167 561 285 687 
165 64 188 213 
642 209 736 274 
693 377 818 547 
450 73 528 128 
668 640 754 719 
81 434 136 480 
1 182 57 212 
34 322 97 380 
689 253 764 304 
81 257 127 303 
315 135 349 166 
646 577 768 639 
112 688 144 723 
139 305 164 354 
672 30 720 65 
241 192 304 360 
594 594 621 626 
381 58 453 145 
736 389 804 452 
705 609 768 671 
34 386 111 479 
497 641 518 687 
444 241 474 336 
481 513 520 561 
668 625 785 666 
418 130 484 192 
58 609 79 673 
627 330 666 380 
743 384 816 431 
89 512 186 576 
829 176 900 257 
782 609 832 688 
66 1 97 22 
706 130 783 223 
160 337 193 432 
34 89 79 114 
58 606 97 719 
1 175 118 288 
560 262 588 293 
455 17 534 89 
848 235 900 272 
627 268 667 308 
193 433 214 496 
485 258 517 331 
243 454 305 561 
828 577 883 640 
1 381 118 466 
780 173 815 202 
681 320 720 361 
727 365 790 448 
482 13 512 32 
441 529 465 576 
353 609 383 635 
194 641 226 672 
721 530 752 576 
710 350 740 373 
171 449 208 528 
177 391 236 480 
583 426 609 512 
799 609 827 657 
577 689 608 718 
562 266 592 320 
117 585 209 609 
703 346 742 381 
729 456 787 534 
57 561 90 585 
625 73 663 108 
861 673 887 723 
1 548 127 720 
64 336 97 380 
827 81 852 112 
849 58 880 80 
50 450 112 560 
125 605 192 694 
112 232 136 274 
34 306 102 380 
594 348 700 436 
592 336 624 384 
58 529 96 561 
871 89 900 122 
481 449 520 561 
193 400 216 447 
435 389 463 408 
593 305 640 358 
493 269 624 384 
1 175 53 207 
489 95 569 160 
129 449 176 552 
334 477 401 497 
785 176 900 257 
311 484 401 512 
817 529 875 560 
193 407 224 496 
525 402 610 543 
285 336 313 399 
621 622 689 722 
1 113 48 176 
215 576 325 700 
322 369 383 402 
799 205 863 256 
145 513 176 559 
113 625 160 688 
321 544 421 567 
705 441 808 577 
795 166 868 224 
55 33 113 65 
525 545 545 564 
798 464 832 504 
834 280 900 326 
833 1 900 55 
28 561 66 719 
448 160 484 192 
42 17 118 71 
145 439 176 496 
509 689 587 723 
193 641 253 687 
783 289 900 358 
505 321 655 545 
1 384 49 415 
193 607 239 643 
693 377 777 476 
34 386 97 433 
248 454 305 561 
65 353 95 380 
689 674 719 719 
305 31 592 306 
827 65 900 116 
290 443 311 471 
509 512 607 695 
535 138 673 209 
849 673 887 723 
345 418 445 453 
299 416 445 454 
737 268 832 305 
562 289 596 336 
705 441 784 536 
1 381 83 434 
321 311 406 336 
114 636 160 692 
289 309 317 352 
508 482 528 544 
865 241 900 263 
817 594 883 671 
193 607 253 667 
403 65 583 236 
871 97 900 122 
280 49 376 88 
182 6 203 35 
317 319 412 351 
847 154 896 176 
125 401 182 559 
715 222 751 272 
1 222 118 337 
641 229 662 257 
721 509 808 592 
177 604 239 719 
287 540 415 635 
817 449 880 495 
49 17 91 36 
258 1 338 88 
561 289 592 337 
112 209 144 319 
797 58 837 98 
577 505 610 527 
281 324 304 400 
397 1 510 49 
594 348 655 411 
97 621 192 723 
783 218 816 256 
827 65 900 122 
34 577 66 625 
570 561 647 719 
417 699 769 728 
529 642 564 671 
881 316 900 367 
64 480 90 512 
626 530 752 600 
91 321 120 384 
785 127 851 165 
444 251 502 512 
286 97 309 136 
523 109 576 143 
664 321 724 400 
813 204 837 224 
67 33 110 59 
785 114 863 145 
319 324 411 350 
778 548 819 625 
745 32 816 61 
641 209 736 271 
305 589 351 648 
93 606 144 633 
688 248 832 305 
125 383 182 513 
133 417 159 447 
245 251 305 362 
716 513 761 534 
285 338 304 409 
125 417 176 513 
561 426 610 527 
657 64 688 101 
817 561 892 671 
465 201 512 256 
633 364 656 404 
80 416 134 479 
167 593 253 687 
408 21 580 80 
225 641 253 667 
480 148 592 306 
847 524 900 563 
865 31 900 55 
167 593 239 640 
722 697 768 720 
305 97 448 209 
295 641 366 682 
167 593 239 657 
865 673 900 699 
607 91 641 129 
850 516 900 555 
722 697 847 722 
539 514 591 544 
829 595 848 624 
91 321 177 416 
465 697 486 720 
818 67 837 98 
737 545 808 577 
182 18 240 43 
289 379 320 441 
1 672 144 724 
89 545 209 609 
769 105 890 165 
329 486 401 510 
603 234 625 258 
671 354 875 560 
790 19 865 112 
337 171 440 344 
23 97 65 124 
91 576 209 598 
674 316 725 367 
799 462 883 560 
855 321 880 353 
609 705 769 727 
848 265 900 288 
330 132 395 169 
780 577 799 608 
849 523 883 558 
316 311 411 352 
721 386 875 560 
322 85 351 108 
176 64 261 187 
285 328 315 409 
301 583 415 635 
817 594 851 655 
561 257 613 337 
529 176 583 218 
481 161 576 289 
252 250 289 360 
161 255 228 432 
716 578 790 640 
834 662 897 723 
137 211 162 319 
113 383 240 591 
768 441 818 535 
496 289 536 432 
365 241 387 281 
862 58 882 81 
784 321 880 369 
481 34 580 71 
858 175 900 224 
91 321 128 384 
529 321 655 502 
561 427 607 511 
626 537 736 600 
513 129 532 152 
311 135 335 159 
713 160 780 272 
474 686 510 723 
337 138 394 163 
747 418 790 512 
801 321 896 433 
476 369 511 432 
433 161 464 182 
87 609 160 692 
594 401 718 512 
672 30 753 95 
705 8 840 61 
530 689 591 720 
494 449 520 561 
523 353 544 400 
617 623 652 704 
462 430 528 561 
859 160 900 196 
846 463 900 555 
203 444 224 496 
768 441 799 497 
535 143 624 209 
161 7 190 49 
529 138 673 240 
96 434 128 479 
173 255 203 321 
625 1 671 48 
787 106 863 128 
141 383 182 448 
881 55 900 95 
681 322 753 386 
627 265 704 335 
849 369 900 464 
562 289 592 320 
676 640 735 676 
705 268 831 383 
855 305 900 358 
826 153 900 196 
787 74 880 138 
310 315 425 370 
145 538 176 559 
577 90 620 111 
686 279 753 356 
82 297 133 352 
799 464 846 516 
838 606 883 666 
322 586 464 679 
535 138 690 339 
33 12 74 32 
671 386 696 416 
352 652 396 683 
123 203 168 421 
801 205 840 256 
505 211 529 246 
287 540 335 589 
780 158 866 224 
562 590 607 687 
584 223 625 275 
193 400 224 496 
783 289 900 383 
847 218 881 240 
811 462 896 550 
193 449 265 561 
161 593 253 725 
91 621 138 687 
5 548 66 627 
567 192 604 234 
40 162 101 209 
713 193 745 241 
543 402 610 527 
609 268 672 372 
609 268 667 339 
393 50 426 88 
529 143 624 234 
369 601 402 631 
304 368 383 402 
737 546 772 576 
592 305 624 384 
1 86 70 176 
785 609 832 688 
385 370 414 404 
321 315 406 348 
548 105 628 132 
177 391 216 449 
76 626 127 719 
548 105 610 132 
34 34 57 67 
689 279 753 351 
266 1 304 48 
784 8 820 33 
657 3 720 65 
82 274 133 352 
722 625 847 719 
664 316 725 400 
401 197 440 344 
273 327 296 365 
337 17 368 64 
801 512 864 560 
658 640 735 719 
495 613 587 723 
609 241 635 273 
736 65 900 193 
34 401 80 432 
769 466 790 497 
77 386 104 438 
464 512 495 549 
625 401 688 432 
258 12 304 64 
809 552 883 640 
183 529 224 559 
657 530 687 559 
65 112 127 142 
828 480 882 533 
232 187 276 242 
173 507 228 559 
668 640 735 676 
125 203 161 272 
805 19 865 97 
846 481 900 528 
817 289 895 337 
193 433 224 496 
664 323 703 369 
737 161 780 256 
523 109 592 143 
459 22 492 79 
87 609 160 688 
847 154 900 196 
464 337 511 432 
34 386 104 438 
838 606 883 671 
508 353 545 465 
737 513 792 548 
609 370 628 400 
98 96 127 128 
800 480 875 560 
544 196 582 236 
97 368 132 416 
435 288 480 382 
369 146 395 169 
58 589 97 719 
304 359 422 404 
481 33 673 80 
49 162 101 209 
1 86 44 128 
594 592 666 648 
572 1 643 48 
470 620 512 656 
737 513 792 559 
505 430 528 544 
513 20 553 41 
518 218 538 240 
817 594 875 656 
97 529 127 548 
5 512 90 627 
729 457 801 547 
686 315 716 356 
89 37 113 65 
609 241 690 339 
145 65 182 84 
33 609 65 656 
316 311 410 352 
769 473 790 497 
193 606 253 667 
81 82 127 137 
858 1 896 20 
737 381 764 410 
671 369 724 443 
881 133 900 158 
720 386 752 468 
215 32 266 79 
787 105 863 128 
509 688 608 723 
737 381 816 447 
97 418 134 479 
728 571 784 592 
252 250 296 365 
590 284 638 347 
639 353 675 396 
539 512 657 723 
594 348 628 400 
171 450 224 559 
240 49 271 80 
141 674 160 704 
385 370 420 404 
632 331 664 372 
123 247 168 421 
125 605 166 624 
256 65 300 148 
564 673 591 718 
769 193 836 276 
800 480 820 512 
584 229 622 275 
827 498 877 545 
129 513 161 552 
97 192 132 214 
583 138 673 240 
705 48 806 114 
705 441 734 513 
466 626 512 719 
593 526 657 704 
293 439 400 480 
481 161 529 246 
529 180 558 208 
497 249 527 272 
457 129 478 154 
23 75 111 124 
242 573 278 643 
799 462 877 545 
657 465 694 496 
667 642 704 680 
96 512 161 558 
18 593 48 625 
577 513 639 564 
505 433 528 544 
423 319 452 377 
1 381 112 438 
426 564 544 672 
426 564 479 625 
253 573 278 642 
626 352 656 404 
722 642 847 719 
304 359 383 404 
25 289 102 380 
784 8 836 33 
49 162 97 209 
129 80 181 272 
125 418 176 552 
689 210 719 230 
125 418 182 559 
625 401 672 432 
50 146 116 207 
674 316 725 372 
697 382 752 468 
453 374 480 420 
525 449 592 543 
785 114 863 165 
155 689 177 720 
710 461 765 534 
512 34 561 57 
621 603 704 722 
291 258 345 309 
607 95 641 126 
297 355 383 410 
187 62 241 97 
697 382 724 443 
769 111 863 145 
780 548 883 666 
341 411 438 449 
713 193 751 272 
347 632 402 664 
844 489 864 513 
288 507 329 545 
68 606 97 673 
567 192 690 339 
17 194 117 239 
802 462 832 492 
745 32 840 61 
587 539 634 591 
62 450 112 528 
589 223 620 256 
805 19 865 75 
796 548 883 666 
827 81 853 113 
513 228 564 289 
279 289 306 355 
846 459 900 550 
337 185 380 236 
855 320 880 352 
444 241 486 357 
624 209 671 271 
114 29 161 80 
330 461 435 480 
119 230 144 288 
881 55 900 88 
529 592 570 624 
526 658 575 704 
273 510 294 559 
463 564 544 619 
849 459 880 482 
491 385 511 432 
664 323 703 360 
523 68 545 87 
91 321 116 384 
82 13 161 32 
457 450 480 481 
796 578 816 623 
495 641 587 723 
129 561 278 598 
125 205 162 319 
784 321 883 383 
690 339 723 372 
96 210 117 239 
495 641 528 704 
293 439 435 480 
491 613 522 687 
831 127 890 154 
75 627 98 705 
93 605 166 624 
496 289 526 368 
81 112 127 134 
193 673 224 704 
1 417 112 511 
209 607 239 643 
626 514 752 600 
187 49 300 148 
112 305 134 352 
448 97 529 196 
625 326 662 374 
345 418 433 449 
609 592 642 624 
624 14 643 41 
288 432 307 452 
785 194 804 224 
459 22 492 54 
193 609 225 640 
817 594 848 640 
642 209 736 287 
192 64 261 187 
125 418 176 559 
523 81 554 104 
385 401 452 449 
705 289 753 351 
609 269 690 339 
671 354 720 400 
790 58 823 112 
625 326 647 352 
721 509 792 576 
449 431 469 485 
785 418 807 447 
337 361 422 404 
539 426 784 600 
817 127 851 165 
321 327 403 348 
721 386 752 468 
346 658 384 684 
456 539 553 571 
433 155 464 182 
706 130 783 224 
829 81 853 113 
737 509 792 548 
578 1 640 32 
173 526 224 559 
203 46 236 67 
577 426 715 528 
417 31 465 80 
577 513 640 564 
89 530 144 560 
785 127 890 165 
539 401 784 600 
417 115 486 161 
513 417 532 465 
674 321 724 372 
184 336 228 432 
774 432 804 452 
816 193 848 224 
765 509 784 536 
705 48 783 102 
145 383 193 496 
823 622 851 655 
879 32 900 54 
540 514 591 543 
809 74 837 112 
479 49 534 89 
669 233 736 271 
797 58 837 112 
630 596 666 648 
735 382 789 448 
258 361 279 404 
375 594 424 631 
77 386 112 438 
456 249 486 357 
686 320 716 356 
479 102 513 128 
688 233 800 305 
689 208 720 230 
705 22 800 48 
408 21 480 80 
790 75 818 112 
713 193 751 255 
660 466 694 496 
610 623 652 704 
114 513 143 543 
253 573 276 592 
129 688 159 723 
768 441 875 560 
706 304 736 351 
785 401 816 447 
444 251 474 336 
72 626 127 720 
671 386 883 656 
590 229 621 261 
509 688 528 723 
860 681 887 723 
737 65 832 177 
129 512 161 552 
553 186 583 218 
710 465 748 488 
530 643 564 671 
251 453 273 495 
113 564 144 591 
586 33 640 80 
444 251 486 357 
17 441 48 464 
594 348 625 400 
642 113 688 144 
754 321 896 462 
464 337 502 380 
401 346 425 370 
811 462 833 487 
689 163 720 230 
279 67 311 88 
784 337 831 369 
311 175 346 208 
828 480 896 550 
539 426 715 528 
462 529 484 560 
642 467 709 511 
485 249 527 272 
526 658 545 688 
408 191 487 309 
535 21 583 47 
17 194 111 223 
406 509 427 544 
68 606 95 666 
529 337 591 367 
861 332 895 353 
658 673 704 719 
866 385 900 453 
657 96 752 168 
329 488 384 510 
304 368 368 401 
716 461 743 480 
689 163 715 208 
721 50 783 102 
509 699 528 723 
185 145 241 185 
33 577 66 656 
181 271 244 355 
659 139 686 183 
706 321 736 351 
305 102 379 143 
811 166 839 193 
591 225 620 256 
543 143 581 162 
645 596 666 648 
495 641 518 673 
828 626 851 655 
609 497 715 528 
529 689 591 723 
107 337 128 367 
609 269 667 339 
57 526 111 582 
737 225 776 256 
151 1 198 20 
673 240 736 271 
706 304 735 335 
809 552 837 594 
217 418 236 480 
417 115 472 152 
481 513 512 560 
765 509 792 548 
455 513 480 543 
621 622 704 722 
392 31 450 81 
311 484 341 512 
81 257 111 304 
97 418 130 457 
834 338 883 383 
243 5 262 32 
659 386 700 436 
161 642 191 694 
671 354 724 443 
630 603 654 640 
861 115 900 138 
626 514 772 600 
324 595 369 640 
387 161 448 209 
40 162 64 189 
182 36 237 82 
657 66 688 112 
635 97 672 138 
729 457 883 656 
498 290 520 319 
177 541 240 562 
578 1 671 48 
609 592 652 704 
114 633 160 688 
381 506 428 542 
304 368 383 401 
690 113 720 147 
639 348 662 374 
50 162 101 207 
752 410 777 438 
50 383 95 430 
474 686 498 720 
671 386 696 413 
1 417 83 466 
178 604 239 687 
780 577 816 623 
114 636 160 688 
514 273 559 431 
540 466 575 496 
394 479 449 526 
421 443 447 475 
421 513 459 592 
299 355 351 397 
529 561 586 592 
780 577 806 609 
453 631 474 667 
850 289 900 326 
306 145 326 181 
319 259 340 300 
737 225 767 245 
831 134 890 154 
1 72 40 96 
659 139 678 180 
609 466 715 528 
378 17 399 41 
455 384 502 512 
337 641 366 682 
259 453 288 495 
141 400 168 421 
448 97 480 127 
322 369 383 396 
248 454 305 548 
287 453 325 479 
778 593 875 688 
168 33 202 72 
546 674 575 704 
289 400 320 441 
113 306 133 325 
1 86 44 113 
599 288 620 316 
778 593 832 688 
816 486 844 519 
98 274 127 303 
1 593 59 719 
571 266 592 306 
118 29 144 48 
424 452 450 475 
848 237 881 261 
401 305 422 336 
817 498 875 560 
535 146 624 209 
610 641 645 672 
754 370 865 462 
693 412 729 476 
300 540 335 572 
401 657 429 681 
785 459 815 535 
689 354 717 384 
788 449 818 474 
