0 0 23 15 
0 0 23 16 
0 0 25 16 
0 0 78 23 
0 0 110 23 
0 0 208 81 
0 0 215 84 
0 0 216 85 
0 0 215 91 
0 0 215 92 
0 0 216 92 
0 0 241 93 
0 0 252 95 
0 0 216 99 
0 0 230 99 
0 0 499 99 
0 0 250 101 
0 0 499 101 
0 0 499 127 
0 0 499 128 
0 0 252 133 
0 0 499 133 
0 0 285 134 
0 0 499 134 
0 0 258 144 
0 0 499 257 
0 0 499 258 
0 0 499 260 
0 0 499 283 
0 0 499 289 
0 0 241 291 
0 0 258 297 
0 0 499 337 
0 0 250 342 
0 0 499 344 
0 0 499 352 
0 0 499 354 
0 0 499 357 
0 0 499 405 
29 0 83 19 
38 0 81 18 
42 0 84 13 
42 0 83 16 
73 0 85 11 
73 0 110 15 
84 0 110 15 
144 0 219 41 
145 0 499 191 
145 0 499 352 
152 0 163 13 
171 0 252 66 
185 0 255 60 
185 0 499 60 
185 0 258 72 
186 0 285 61 
203 0 255 61 
203 0 357 61 
203 0 499 61 
203 0 499 127 
208 0 256 56 
208 0 499 56 
208 0 261 61 
208 0 318 63 
208 0 318 69 
208 0 327 186 
208 0 499 186 
208 0 499 191 
218 0 357 46 
218 0 499 54 
218 0 499 128 
221 0 287 59 
221 0 318 63 
222 0 368 53 
222 0 499 53 
222 0 499 54 
222 0 499 127 
224 0 287 55 
224 0 499 140 
224 0 499 151 
224 0 499 191 
224 0 499 357 
227 0 499 45 
232 0 499 140 
235 0 287 52 
240 0 278 35 
255 0 278 23 
282 0 499 47 
282 0 499 127 
283 0 317 15 
283 0 364 15 
283 0 310 16 
283 0 364 127 
283 0 499 127 
302 0 393 25 
302 0 393 125 
302 0 495 125 
302 0 499 125 
308 0 362 127 
312 0 370 125 
314 0 364 14 
341 0 499 45 
348 0 499 71 
350 0 367 15 
350 0 387 19 
350 0 495 42 
352 0 499 54 
358 0 499 45 
366 0 495 42 
367 0 387 19 
387 0 495 42 
392 0 499 54 
392 0 499 55 
439 0 499 47 
439 0 499 50 
448 0 479 5 
493 0 499 30 
0 5 499 363 
0 5 485 364 
0 5 499 381 
0 5 499 405 
43 5 499 354 
79 5 485 256 
80 5 499 265 
80 5 499 405 
132 5 499 257 
221 5 373 179 
221 5 499 265 
227 5 485 128 
227 5 485 157 
230 5 287 55 
230 5 343 58 
230 5 485 61 
231 5 294 54 
231 5 420 54 
232 5 287 54 
232 5 293 54 
232 5 293 55 
234 5 294 48 
0 6 498 388 
0 6 499 405 
55 6 327 337 
128 6 314 257 
128 6 327 257 
129 6 316 256 
129 6 499 256 
129 6 499 344 
223 6 286 54 
223 6 286 55 
226 6 314 96 
226 6 314 109 
231 6 286 54 
237 6 314 93 
244 6 286 43 
286 6 314 54 
295 6 314 28 
234 7 286 54 
255 7 286 37 
287 7 420 29 
0 9 499 363 
129 9 314 155 
129 9 316 155 
129 9 316 256 
130 9 499 325 
132 9 318 257 
132 9 499 257 
191 9 499 346 
191 9 499 354 
221 9 373 142 
221 9 373 179 
227 9 314 132 
227 9 318 133 
227 9 499 172 
242 9 315 71 
242 9 315 81 
242 9 315 108 
242 9 315 131 
242 9 380 172 
242 9 499 172 
245 9 314 132 
260 9 318 133 
261 9 315 71 
265 9 373 142 
284 9 314 29 
284 9 314 38 
284 9 314 58 
285 9 314 26 
285 9 314 57 
285 9 318 57 
285 9 318 63 
285 9 373 142 
297 9 318 63 
298 9 318 133 
302 9 318 62 
303 9 316 110 
306 9 412 126 
306 9 499 146 
80 10 456 259 
80 10 499 265 
227 10 316 128 
277 10 316 128 
303 10 316 128 
310 10 316 128 
310 10 320 128 
313 10 389 128 
315 10 390 128 
315 10 475 128 
315 10 499 128 
317 10 361 127 
164 11 182 30 
292 11 373 142 
314 11 316 128 
317 11 362 127 
317 11 371 127 
80 12 315 253 
80 12 456 253 
80 12 456 259 
184 12 315 220 
227 12 286 63 
227 12 314 108 
227 12 313 111 
234 12 286 55 
235 12 286 55 
235 12 287 55 
235 12 287 58 
237 12 292 93 
252 12 292 64 
263 12 314 108 
265 12 315 131 
269 12 287 60 
284 12 315 131 
286 12 313 52 
286 12 303 54 
286 12 314 57 
286 12 314 110 
301 12 314 32 
334 13 414 61 
334 13 485 61 
352 14 432 26 
373 14 432 26 
221 15 287 60 
267 15 499 157 
348 15 420 29 
348 15 420 34 
43 16 314 354 
129 16 314 155 
129 16 314 354 
227 16 288 111 
230 16 292 112 
237 16 292 93 
245 16 287 58 
245 16 288 60 
247 16 292 64 
261 16 315 71 
264 16 314 67 
265 16 313 61 
277 16 313 61 
277 16 314 67 
284 16 298 53 
287 16 312 54 
287 16 313 54 
287 16 315 63 
352 16 387 24 
260 17 314 107 
265 17 312 60 
287 17 312 54 
288 17 312 38 
288 17 312 55 
288 17 313 58 
301 17 314 57 
331 17 385 67 
348 17 385 71 
242 18 287 58 
261 18 312 62 
261 18 315 71 
277 18 312 62 
277 18 314 67 
287 18 300 54 
267 19 499 157 
346 19 416 114 
346 19 461 114 
346 19 499 119 
346 19 499 132 
357 19 389 34 
245 20 287 58 
245 20 287 61 
245 20 314 132 
317 20 320 127 
223 22 264 54 
392 23 459 55 
407 23 459 35 
0 24 499 405 
240 24 258 35 
257 24 499 281 
257 24 499 342 
259 24 499 305 
259 24 499 344 
267 24 414 157 
267 24 456 157 
267 24 499 157 
324 24 499 265 
328 24 499 265 
331 24 355 67 
351 24 405 89 
351 24 499 105 
351 24 461 106 
351 24 414 107 
351 24 499 129 
352 24 403 90 
352 24 419 90 
352 24 481 90 
352 24 481 92 
352 24 499 129 
354 24 414 87 
356 24 461 105 
356 24 499 105 
356 24 468 108 
356 24 499 146 
361 24 402 62 
362 24 402 62 
378 24 447 66 
378 24 450 67 
378 24 458 67 
378 24 468 68 
379 24 391 61 
391 24 475 58 
391 24 454 62 
391 24 461 68 
397 24 456 40 
351 25 392 107 
379 25 392 62 
379 25 392 63 
391 25 450 60 
391 25 471 60 
392 25 465 54 
410 25 471 44 
272 26 495 265 
272 26 499 265 
288 26 312 54 
288 26 316 69 
357 26 495 104 
357 26 495 107 
362 26 389 34 
394 26 461 58 
394 26 495 58 
224 27 259 55 
230 27 239 42 
411 27 485 47 
411 27 485 59 
252 28 292 64 
421 28 457 35 
421 28 499 48 
297 29 313 63 
286 30 314 81 
286 30 314 110 
289 30 314 73 
289 30 314 81 
290 30 314 58 
297 30 313 58 
300 30 315 63 
302 30 313 58 
356 30 443 132 
356 30 499 132 
358 30 404 81 
358 30 416 81 
358 30 443 81 
261 31 286 61 
265 31 286 60 
265 31 286 61 
269 31 286 60 
269 31 286 61 
277 31 314 67 
286 31 301 63 
286 31 315 71 
297 31 312 57 
301 31 313 58 
351 31 405 89 
351 31 371 107 
351 31 388 107 
352 31 404 88 
352 31 419 92 
352 31 461 92 
352 31 481 92 
362 31 373 68 
362 31 388 68 
362 31 388 76 
261 32 286 61 
264 32 286 61 
275 32 286 58 
288 32 316 69 
352 32 403 90 
359 32 373 69 
359 32 387 69 
359 32 404 82 
362 32 370 54 
374 32 387 68 
374 32 388 68 
374 32 387 69 
374 32 388 69 
277 33 314 67 
289 33 314 73 
359 33 404 82 
361 33 370 55 
362 33 370 55 
447 34 499 48 
449 34 495 48 
261 38 277 60 
261 38 278 61 
265 38 277 60 
268 38 277 57 
432 38 481 60 
259 39 499 305 
352 39 499 235 
388 39 499 130 
398 39 499 98 
398 39 499 124 
336 40 353 54 
286 42 315 71 
388 42 499 128 
392 42 419 61 
404 42 481 72 
417 42 481 58 
417 42 477 59 
417 42 484 59 
417 42 481 60 
438 42 482 54 
447 42 480 53 
388 44 499 128 
397 44 499 96 
397 44 499 119 
397 44 499 128 
226 45 253 96 
388 45 499 132 
417 45 473 59 
237 46 265 93 
227 47 265 98 
352 47 403 90 
377 47 416 68 
388 47 499 119 
404 47 461 69 
417 47 484 59 
417 47 485 60 
417 47 499 71 
227 48 265 60 
227 48 269 63 
227 48 287 111 
227 48 313 111 
387 48 499 129 
388 48 499 132 
404 48 475 72 
417 48 473 60 
439 48 499 71 
388 49 499 129 
388 49 499 146 
405 50 499 129 
417 50 499 93 
477 50 499 63 
405 51 443 68 
405 51 461 68 
353 52 461 107 
357 52 461 104 
404 52 461 69 
405 52 458 67 
405 52 468 68 
417 52 484 93 
421 52 484 85 
414 53 461 68 
128 54 230 257 
128 54 232 257 
129 54 220 134 
129 54 237 155 
130 54 230 155 
145 54 220 121 
150 54 220 115 
175 54 220 96 
277 54 314 67 
27 55 250 342 
80 55 232 253 
128 55 232 155 
129 55 245 155 
129 55 300 155 
130 55 232 156 
130 55 232 254 
130 55 246 325 
130 55 250 342 
132 55 232 155 
132 55 233 155 
132 55 233 156 
132 55 233 190 
132 55 246 190 
132 55 246 253 
132 55 233 257 
260 55 314 107 
288 55 316 69 
393 55 475 94 
394 55 475 93 
79 56 232 256 
129 56 232 158 
129 56 232 166 
129 56 232 256 
0 57 173 95 
0 57 343 367 
0 57 498 405 
0 57 499 405 
129 57 173 72 
192 57 307 166 
192 57 312 288 
192 57 343 354 
231 57 262 97 
231 57 284 106 
239 57 285 105 
239 57 300 108 
228 58 237 94 
239 58 285 105 
239 58 300 108 
256 58 499 344 
262 58 499 209 
351 58 461 106 
384 58 468 106 
397 58 468 93 
406 58 499 146 
408 58 480 124 
423 58 480 115 
478 58 499 93 
478 58 499 115 
485 58 499 93 
485 58 499 116 
486 58 499 92 
0 59 205 99 
0 59 194 101 
0 59 211 101 
0 59 210 104 
0 59 210 144 
182 59 211 74 
230 59 239 112 
231 59 244 97 
231 59 273 105 
235 59 237 93 
257 59 499 281 
352 59 418 90 
352 59 499 281 
392 59 499 143 
405 59 499 129 
406 59 499 147 
417 59 479 93 
417 59 479 115 
417 59 496 119 
425 59 499 119 
478 59 499 93 
485 59 499 90 
485 59 499 93 
485 59 499 116 
486 59 499 93 
487 59 499 93 
0 60 205 134 
0 60 233 337 
50 60 233 337 
54 60 370 350 
54 60 485 352 
74 60 148 84 
79 60 211 246 
85 60 148 78 
128 60 211 158 
128 60 211 164 
175 60 212 96 
177 60 211 94 
177 60 212 94 
178 60 211 88 
179 60 370 285 
191 60 315 186 
191 60 363 189 
191 60 499 346 
231 60 244 97 
238 60 283 94 
239 60 283 92 
239 60 283 97 
239 60 285 105 
239 60 284 106 
239 60 299 107 
239 60 300 108 
239 60 307 128 
239 60 370 190 
389 60 499 344 
406 60 499 160 
489 60 499 94 
489 60 499 97 
0 61 143 95 
148 61 212 119 
170 61 212 97 
232 61 327 133 
232 61 327 186 
239 61 273 105 
239 61 298 106 
239 61 327 111 
240 61 285 105 
240 61 299 107 
240 61 312 132 
240 61 312 161 
240 61 406 287 
240 61 406 348 
240 61 499 376 
240 61 499 405 
256 61 299 68 
260 61 314 132 
265 61 314 73 
265 61 314 81 
265 61 314 108 
397 61 485 132 
425 61 485 114 
0 62 186 103 
0 62 186 143 
0 62 186 144 
0 62 186 249 
0 62 186 291 
260 62 313 106 
355 62 404 90 
363 62 371 76 
397 62 499 146 
425 62 485 114 
425 62 487 119 
446 62 487 119 
447 62 485 97 
478 62 485 91 
479 62 485 90 
485 62 499 116 
230 63 246 128 
275 63 327 111 
351 63 412 91 
351 63 417 91 
353 63 443 107 
405 63 496 129 
405 63 499 129 
452 63 496 121 
479 63 496 119 
485 63 499 116 
0 64 203 133 
239 64 284 106 
255 64 285 113 
255 64 327 113 
267 64 380 157 
352 64 417 105 
352 64 415 106 
352 64 499 205 
352 64 415 235 
352 64 499 257 
352 64 499 281 
356 64 443 105 
356 64 443 108 
394 64 456 93 
405 64 480 129 
425 64 479 113 
447 64 479 97 
356 65 443 93 
356 65 443 112 
356 65 443 132 
357 65 443 104 
286 66 327 106 
286 66 327 111 
276 67 299 107 
283 67 299 107 
238 68 284 113 
239 68 284 106 
240 68 285 107 
262 68 285 107 
273 68 284 106 
274 68 285 107 
286 68 314 108 
0 69 179 283 
0 70 178 290 
297 70 343 127 
397 70 457 132 
402 70 457 119 
0 72 178 289 
302 72 314 81 
241 73 283 109 
262 73 283 101 
71 74 114 89 
408 74 448 124 
103 75 153 91 
103 75 169 143 
0 76 178 258 
441 76 473 97 
239 77 283 101 
239 77 283 105 
425 78 479 114 
144 79 230 259 
153 79 230 255 
153 79 230 259 
157 79 230 255 
157 79 232 255 
176 79 232 150 
176 79 232 166 
189 79 230 136 
191 79 232 127 
191 79 232 136 
192 79 232 126 
201 79 210 113 
256 79 273 97 
425 79 470 113 
425 79 470 114 
8 80 137 105 
77 80 133 144 
201 80 210 113 
202 80 210 113 
256 80 273 96 
0 81 142 249 
0 81 159 257 
0 81 159 260 
0 81 142 297 
77 82 118 144 
176 82 230 150 
176 82 230 194 
191 82 230 126 
191 82 232 127 
192 82 230 127 
285 82 299 107 
285 82 300 108 
287 82 302 108 
287 82 314 110 
287 82 319 111 
288 82 301 108 
302 82 319 111 
388 82 423 112 
0 83 236 363 
0 83 499 405 
95 83 230 339 
122 83 230 339 
145 83 230 255 
191 83 230 126 
245 83 307 128 
377 83 499 205 
384 83 401 106 
191 84 315 186 
206 84 315 350 
206 84 376 350 
206 84 378 350 
206 84 499 372 
232 84 315 134 
254 84 315 179 
260 84 314 132 
260 84 315 132 
290 84 315 131 
300 84 315 131 
303 84 319 111 
303 84 315 125 
43 85 180 332 
111 85 169 143 
115 85 180 253 
121 85 169 125 
128 85 180 158 
128 85 180 164 
128 85 180 207 
129 85 178 134 
150 85 180 115 
78 86 123 143 
104 86 166 115 
104 86 166 143 
148 86 182 119 
303 87 311 108 
359 87 390 132 
362 87 387 107 
368 87 390 107 
0 88 143 249 
51 88 81 118 
388 88 402 108 
206 89 307 166 
206 89 307 350 
232 89 307 134 
244 89 307 119 
245 89 307 126 
245 89 312 132 
402 89 419 119 
402 89 423 125 
402 89 436 128 
192 90 205 126 
240 90 273 105 
388 90 414 127 
388 90 460 130 
404 90 460 130 
408 90 423 125 
419 90 439 122 
0 91 499 405 
360 91 489 204 
360 91 499 204 
360 91 499 235 
360 91 499 405 
392 91 499 143 
397 91 489 144 
405 91 480 129 
406 91 483 144 
406 91 484 145 
406 91 499 146 
406 91 499 147 
490 91 499 115 
130 92 231 325 
135 92 194 256 
135 92 200 256 
135 92 225 256 
145 92 194 255 
157 92 193 253 
157 92 205 253 
157 92 193 255 
157 92 200 255 
157 92 231 287 
166 92 194 249 
176 92 191 150 
178 92 194 150 
179 92 191 150 
179 92 193 166 
180 92 193 150 
180 92 194 150 
183 92 191 150 
187 92 191 150 
272 92 420 265 
328 92 483 204 
328 92 499 265 
356 92 420 265 
359 92 483 204 
360 92 420 204 
404 92 420 128 
253 93 273 105 
255 93 406 287 
358 93 406 204 
358 93 406 205 
232 94 256 112 
232 94 265 132 
232 94 307 132 
232 94 313 132 
232 94 263 133 
232 94 307 133 
232 94 318 133 
232 94 313 140 
257 94 384 207 
257 94 384 212 
267 94 384 157 
267 94 385 157 
288 94 384 145 
357 94 499 346 
359 94 499 205 
361 94 405 235 
368 94 405 177 
397 94 408 127 
406 94 499 160 
416 94 499 144 
490 94 499 116 
198 95 230 121 
232 95 307 134 
245 95 307 119 
360 95 420 204 
397 95 489 144 
397 95 499 146 
483 95 499 147 
157 96 200 255 
166 96 186 237 
166 96 200 246 
174 96 186 135 
192 96 198 126 
192 96 307 166 
232 96 245 132 
232 96 307 132 
312 96 373 132 
327 96 499 376 
362 96 499 376 
393 96 485 146 
396 96 499 269 
403 96 499 145 
403 96 499 147 
483 96 499 145 
81 97 94 126 
403 97 484 145 
149 98 250 354 
179 98 245 285 
184 98 231 185 
184 98 314 185 
184 98 231 190 
184 98 314 220 
184 98 232 287 
191 98 231 186 
192 98 231 149 
192 98 231 152 
192 98 241 166 
193 98 231 149 
201 98 234 127 
219 98 232 166 
219 98 245 166 
229 98 293 337 
229 98 377 352 
232 98 246 134 
481 98 499 146 
483 98 499 146 
157 99 191 255 
163 99 187 237 
163 99 187 249 
163 99 191 249 
176 99 186 149 
176 99 187 150 
178 99 187 149 
178 99 187 150 
179 99 187 141 
232 99 245 133 
232 99 245 134 
232 99 245 136 
232 99 307 136 
232 99 314 161 
405 99 479 129 
486 99 499 125 
176 100 187 150 
179 100 230 166 
179 100 230 220 
179 100 232 285 
244 100 307 119 
55 101 237 337 
130 101 237 337 
165 101 250 342 
178 101 250 342 
191 101 250 342 
192 101 237 325 
192 101 237 327 
262 101 449 205 
262 101 499 206 
262 101 499 209 
359 101 449 205 
19 102 54 138 
32 102 52 137 
163 102 178 237 
166 102 178 237 
166 102 178 241 
166 102 187 241 
166 102 192 249 
167 102 178 237 
245 102 307 128 
267 102 380 156 
267 102 380 168 
267 102 380 172 
0 103 247 364 
27 103 180 335 
54 103 232 337 
145 103 186 255 
149 103 222 337 
149 103 232 337 
153 103 180 332 
153 103 186 332 
157 103 178 253 
157 103 192 253 
162 103 186 255 
166 103 178 237 
167 103 178 237 
168 103 178 237 
259 103 376 305 
273 103 373 172 
305 103 373 136 
128 104 155 135 
144 105 174 157 
357 105 380 139 
357 105 380 207 
357 105 380 212 
359 105 378 132 
359 105 379 132 
359 105 380 132 
407 105 483 142 
54 106 250 350 
145 106 174 135 
146 106 199 337 
146 106 250 350 
232 106 265 132 
111 107 142 143 
111 107 143 143 
254 107 307 121 
254 107 307 127 
267 108 368 155 
267 108 368 157 
267 108 378 157 
267 108 368 179 
290 108 315 131 
298 108 318 133 
358 108 379 135 
364 108 378 132 
368 108 378 131 
368 108 378 132 
369 108 378 132 
0 109 497 405 
151 109 174 207 
151 109 174 255 
158 109 376 346 
158 109 376 361 
158 109 383 361 
162 109 174 153 
167 109 174 153 
232 109 254 245 
232 109 254 310 
232 109 294 346 
232 109 335 346 
232 109 376 346 
393 109 405 128 
393 109 458 142 
284 110 315 131 
145 111 174 254 
163 111 174 153 
178 112 186 149 
212 112 377 354 
368 112 374 131 
135 113 168 256 
145 113 174 253 
145 113 174 254 
154 113 168 255 
157 113 174 253 
157 113 174 255 
163 113 174 156 
296 113 368 162 
301 113 368 164 
322 113 379 139 
327 113 368 149 
328 113 378 141 
328 113 380 153 
358 113 379 135 
131 114 173 256 
135 114 173 256 
145 114 165 255 
153 114 173 253 
153 114 173 254 
157 114 168 253 
157 114 166 255 
157 114 173 255 
158 114 249 342 
179 114 225 166 
192 114 225 154 
200 114 225 156 
206 114 231 166 
206 114 241 166 
206 114 241 230 
206 114 245 292 
207 114 241 166 
218 114 231 169 
219 114 231 166 
219 114 241 166 
231 114 275 310 
231 114 293 350 
232 114 241 136 
253 114 332 191 
271 114 360 168 
271 114 360 179 
272 114 332 154 
284 114 313 132 
285 114 318 132 
306 114 332 133 
166 115 174 156 
191 115 232 285 
200 115 232 285 
218 115 231 168 
166 116 174 156 
233 116 265 288 
233 116 312 288 
254 116 312 189 
254 116 363 189 
259 116 296 121 
259 116 296 125 
259 116 312 132 
481 116 499 147 
231 117 283 151 
232 117 258 168 
246 117 282 191 
262 117 363 179 
130 118 224 337 
176 118 224 337 
184 118 224 185 
191 118 224 190 
198 118 224 154 
206 118 224 152 
207 118 224 153 
231 118 376 342 
231 118 485 352 
258 118 376 331 
259 118 376 305 
263 118 376 183 
300 118 360 166 
300 118 368 166 
301 118 360 161 
304 118 360 161 
329 118 360 153 
357 118 380 139 
357 118 380 212 
86 119 109 143 
254 119 310 162 
254 119 310 179 
259 119 283 125 
259 119 283 126 
301 119 360 162 
301 119 359 166 
328 119 360 149 
329 119 359 153 
231 120 293 342 
254 121 310 161 
254 121 314 161 
254 121 312 162 
255 121 310 187 
255 121 370 190 
231 122 300 337 
231 122 376 357 
254 122 300 161 
254 122 300 185 
0 123 16 128 
128 123 162 257 
145 123 162 158 
145 123 162 162 
149 123 162 162 
151 123 161 149 
151 123 162 207 
153 123 161 162 
178 124 186 150 
235 124 253 184 
251 125 257 198 
254 125 305 161 
254 125 305 186 
178 126 186 149 
128 127 161 257 
484 127 499 147 
0 128 143 290 
0 128 237 363 
0 128 474 381 
80 128 143 238 
267 128 309 160 
284 128 307 140 
403 128 458 142 
192 129 209 152 
231 129 289 337 
233 129 253 297 
233 129 253 312 
233 129 273 312 
233 129 279 312 
233 129 375 312 
233 129 375 317 
233 129 398 352 
233 129 499 352 
233 129 499 405 
234 129 254 300 
255 130 370 190 
272 130 314 154 
272 130 370 181 
274 130 370 179 
301 131 341 164 
301 131 330 166 
304 131 330 161 
321 131 341 156 
184 132 225 190 
192 132 205 152 
253 132 376 330 
256 132 376 330 
301 132 346 162 
302 132 329 164 
311 132 346 162 
262 133 321 179 
262 133 374 179 
301 133 322 161 
133 135 161 257 
135 135 154 195 
135 135 161 256 
50 136 152 316 
50 136 233 337 
80 136 138 238 
80 136 152 253 
95 136 138 240 
95 136 152 253 
115 136 153 253 
127 136 138 199 
134 136 153 197 
135 136 160 197 
135 136 160 253 
179 136 201 166 
179 136 200 167 
184 136 201 154 
184 136 223 190 
192 136 200 153 
301 136 331 164 
310 136 374 165 
322 136 367 159 
332 136 361 153 
0 137 249 364 
0 137 498 405 
145 137 153 154 
219 137 245 292 
231 137 233 253 
231 137 236 263 
231 137 237 292 
231 137 245 292 
263 137 376 183 
310 137 376 162 
392 137 483 149 
403 137 467 143 
403 137 480 144 
403 137 499 194 
403 137 499 206 
0 138 249 342 
0 138 249 364 
102 138 233 337 
129 138 249 342 
145 138 153 154 
190 138 232 285 
190 138 232 287 
190 138 233 334 
190 138 249 342 
191 138 232 334 
191 138 233 334 
192 138 232 244 
192 138 232 285 
192 138 232 286 
200 138 232 285 
211 138 232 282 
231 138 232 259 
255 138 370 287 
320 138 368 160 
324 138 368 160 
365 138 379 207 
365 138 395 227 
368 138 380 207 
369 139 378 207 
369 139 379 207 
369 139 380 207 
369 139 383 208 
369 139 395 209 
369 139 397 209 
287 140 400 348 
287 140 473 372 
287 140 499 372 
314 140 398 352 
314 140 485 352 
354 140 400 236 
357 140 402 346 
361 140 400 235 
376 140 395 227 
379 140 395 228 
184 141 200 176 
184 141 225 190 
254 141 279 190 
355 141 499 254 
355 141 499 257 
361 141 398 235 
256 142 376 330 
258 142 376 331 
258 142 376 357 
275 142 375 237 
283 142 376 357 
312 142 376 357 
356 142 375 192 
358 142 374 208 
404 142 499 193 
404 142 499 206 
0 143 22 164 
74 143 437 383 
74 143 499 383 
74 143 499 405 
184 143 222 185 
385 143 415 182 
385 143 437 182 
391 143 407 167 
396 143 437 174 
396 143 441 218 
396 143 452 218 
396 143 499 269 
0 144 20 163 
263 144 329 183 
289 144 329 175 
383 144 485 343 
383 144 499 344 
397 144 452 207 
404 144 499 200 
404 144 499 201 
410 144 499 194 
74 145 437 383 
179 145 186 166 
179 145 191 167 
179 145 191 194 
310 145 437 336 
319 145 437 336 
357 145 437 284 
357 145 437 336 
386 145 437 229 
397 145 437 174 
406 145 438 160 
406 145 499 160 
432 145 499 153 
0 146 499 405 
324 146 499 405 
396 146 499 405 
385 147 406 182 
416 147 447 161 
416 147 455 206 
416 147 483 206 
416 147 499 206 
418 147 499 265 
442 147 499 269 
231 148 254 316 
231 148 289 337 
262 148 296 179 
273 148 296 175 
275 148 296 172 
371 148 375 206 
396 148 441 218 
398 148 485 327 
398 148 485 343 
253 149 290 191 
256 149 376 344 
266 149 290 175 
275 149 376 243 
122 150 172 339 
152 150 161 257 
190 150 222 259 
190 150 224 259 
191 150 222 190 
191 150 225 190 
192 150 225 220 
256 150 374 344 
256 150 377 352 
275 150 373 237 
357 150 375 208 
415 150 499 257 
419 150 452 166 
0 151 497 405 
83 151 497 388 
178 151 223 249 
189 151 223 222 
191 151 223 190 
255 151 288 186 
258 151 369 315 
271 151 288 172 
272 151 288 180 
275 151 369 279 
371 151 375 206 
372 151 375 207 
382 151 485 351 
386 151 485 348 
386 151 499 348 
387 151 485 270 
387 151 485 329 
398 151 485 329 
398 151 485 338 
398 151 499 338 
416 151 460 208 
417 151 455 206 
418 151 457 208 
431 151 451 168 
431 151 451 172 
448 151 453 194 
455 151 483 190 
455 151 499 193 
455 151 499 201 
274 152 287 171 
417 152 455 206 
418 152 457 208 
455 152 483 193 
473 152 499 188 
25 153 40 168 
129 153 172 325 
129 153 198 337 
129 153 222 337 
130 153 172 325 
130 153 180 332 
146 153 172 325 
149 153 222 337 
152 153 161 264 
152 153 172 325 
153 153 161 207 
153 153 172 325 
166 153 173 189 
166 153 173 201 
167 153 173 188 
178 153 192 246 
178 153 200 246 
178 153 192 249 
179 153 191 246 
179 153 193 249 
179 153 200 249 
179 153 200 259 
180 153 192 246 
189 153 200 176 
192 153 200 176 
255 153 271 186 
255 153 281 190 
262 153 274 180 
394 153 497 344 
394 153 499 344 
398 153 497 337 
446 153 497 335 
446 153 497 337 
456 153 484 204 
456 153 487 264 
26 154 39 167 
166 154 173 189 
178 154 200 249 
389 154 497 344 
389 154 499 344 
395 154 498 342 
395 154 499 342 
398 154 485 329 
398 154 497 329 
399 154 485 266 
417 154 455 206 
417 154 456 208 
417 154 499 337 
440 154 491 329 
440 154 499 329 
440 154 499 337 
445 154 491 329 
457 154 482 192 
468 154 489 267 
473 154 489 267 
482 154 499 269 
484 154 487 264 
254 155 275 190 
255 156 271 185 
415 156 434 207 
415 156 456 211 
439 156 450 197 
440 156 450 172 
440 156 450 196 
212 157 284 350 
212 157 343 354 
250 157 275 285 
250 157 275 291 
255 157 270 187 
255 157 274 187 
255 157 270 291 
255 157 335 330 
399 157 485 266 
417 157 455 206 
436 157 450 198 
471 157 499 281 
486 157 499 265 
486 157 499 267 
486 157 499 273 
487 157 499 174 
487 157 499 176 
487 157 499 229 
487 157 499 264 
417 158 454 206 
436 158 450 197 
439 158 450 196 
488 158 499 174 
57 159 80 182 
85 159 96 208 
131 159 152 253 
166 159 173 200 
166 159 173 241 
235 159 245 269 
436 159 450 198 
440 159 450 196 
489 159 499 173 
86 160 89 191 
190 160 249 342 
212 160 258 350 
212 160 284 350 
226 160 249 342 
236 160 245 268 
237 160 241 237 
253 161 268 191 
263 161 291 183 
0 162 132 251 
0 162 132 257 
0 162 132 297 
156 162 160 195 
461 162 497 308 
474 162 491 282 
115 164 152 253 
131 164 152 253 
132 164 152 253 
138 164 152 253 
79 165 142 246 
80 165 135 238 
217 165 230 230 
356 165 404 265 
363 165 404 235 
363 165 404 263 
379 165 396 210 
436 165 440 198 
441 165 450 197 
132 166 146 214 
132 166 148 240 
178 166 186 193 
178 166 186 198 
178 166 186 249 
203 166 231 237 
203 166 231 287 
363 166 403 235 
384 166 397 204 
385 166 397 182 
385 166 400 205 
436 166 440 197 
436 166 440 198 
436 166 449 198 
441 166 449 196 
138 167 149 196 
138 167 149 205 
436 167 440 198 
138 168 148 197 
139 168 148 197 
218 168 230 230 
226 168 230 230 
396 168 399 227 
387 169 485 270 
427 169 433 199 
428 169 433 199 
218 172 225 214 
218 172 225 231 
218 172 226 232 
381 172 385 205 
211 173 224 233 
218 173 224 214 
218 173 224 215 
219 173 224 214 
386 173 403 229 
155 174 160 205 
165 174 218 338 
165 174 223 338 
190 174 218 325 
192 174 218 242 
193 174 212 220 
211 174 218 233 
486 174 499 267 
488 174 499 259 
0 175 21 193 
0 175 49 193 
0 175 32 198 
17 175 49 193 
199 175 213 220 
202 175 214 216 
202 175 214 218 
203 175 214 216 
203 175 215 216 
0 176 498 388 
158 176 249 342 
176 176 216 337 
203 176 215 216 
206 176 215 216 
206 176 215 218 
222 176 498 385 
222 176 498 388 
243 176 498 385 
312 176 498 385 
356 176 405 343 
358 176 405 335 
358 176 405 343 
374 176 405 319 
420 176 499 328 
420 176 499 405 
451 176 499 328 
468 176 482 190 
486 176 498 267 
486 176 499 267 
486 176 499 268 
486 176 499 273 
486 177 499 264 
489 177 499 264 
490 177 499 226 
166 178 173 200 
166 178 173 201 
190 179 216 259 
192 179 206 220 
383 179 485 343 
397 179 485 328 
192 180 205 220 
234 180 235 255 
250 180 275 285 
254 180 265 291 
254 180 273 291 
256 180 265 291 
191 181 217 246 
322 182 344 228 
158 183 249 342 
190 183 216 246 
190 183 216 259 
255 183 275 317 
256 183 273 291 
258 183 398 352 
259 183 275 287 
259 183 275 305 
265 183 273 283 
265 183 273 287 
265 183 275 305 
268 183 273 283 
273 183 275 249 
273 183 275 305 
287 183 398 348 
287 183 400 348 
287 183 473 372 
289 183 398 348 
291 183 398 344 
291 183 473 372 
315 183 342 230 
315 183 398 326 
315 183 398 351 
315 183 398 352 
316 183 346 230 
317 183 342 225 
317 183 346 232 
319 183 342 228 
319 183 392 327 
319 183 398 332 
320 183 346 228 
489 183 499 229 
489 183 499 264 
272 184 275 255 
258 185 340 346 
265 185 269 287 
274 185 275 253 
274 185 275 305 
319 185 332 206 
319 185 343 228 
319 185 344 228 
17 186 47 191 
255 186 267 317 
256 186 265 291 
258 186 300 315 
319 186 342 233 
191 187 200 259 
192 187 200 231 
265 187 267 287 
251 188 255 316 
251 188 257 316 
312 188 374 313 
312 188 376 357 
192 189 200 231 
268 189 272 282 
268 189 273 283 
324 189 342 228 
336 189 344 222 
191 190 199 259 
265 190 267 287 
328 190 343 228 
53 191 58 208 
63 191 90 218 
252 191 255 285 
252 191 258 297 
252 191 255 316 
252 191 258 317 
253 191 258 317 
254 191 258 297 
256 191 257 271 
331 191 346 232 
178 192 186 249 
192 192 199 232 
253 192 258 317 
256 192 256 310 
256 192 257 315 
418 192 457 208 
65 193 78 206 
149 193 198 337 
178 193 186 237 
178 193 187 237 
178 193 186 249 
290 193 306 205 
296 193 306 223 
178 194 186 249 
256 195 335 330 
258 195 340 331 
258 195 340 346 
285 195 306 237 
285 195 307 237 
285 195 307 238 
285 195 307 239 
287 195 305 233 
287 195 313 241 
288 195 306 232 
165 196 199 338 
178 196 186 249 
321 196 398 294 
321 196 398 326 
360 196 367 211 
0 197 132 257 
0 197 132 278 
0 197 132 291 
37 197 48 208 
232 197 254 310 
415 198 456 209 
164 199 173 255 
165 199 173 254 
165 199 174 254 
166 199 173 241 
166 199 174 241 
178 199 186 249 
283 199 313 243 
415 199 456 211 
256 200 335 330 
102 201 205 337 
122 201 172 339 
146 201 178 332 
146 201 186 332 
146 201 205 337 
285 201 307 239 
313 202 328 229 
445 202 491 329 
469 202 483 212 
15 203 38 232 
294 203 310 233 
16 204 37 231 
152 204 161 256 
130 205 180 332 
146 205 172 325 
151 205 180 332 
154 205 172 325 
357 205 403 284 
360 205 400 235 
137 206 148 240 
258 206 340 331 
363 206 376 229 
356 208 401 243 
356 208 401 259 
361 208 400 235 
102 209 159 333 
130 209 155 312 
135 209 148 240 
135 209 148 241 
138 209 148 240 
486 209 490 261 
54 210 159 337 
137 210 147 240 
239 212 245 277 
350 212 363 241 
420 212 499 405 
452 212 499 405 
0 213 159 326 
0 213 249 363 
50 213 159 326 
54 213 159 326 
54 213 159 331 
54 213 159 337 
55 213 136 294 
95 213 112 218 
102 213 159 333 
129 213 159 313 
130 213 151 290 
130 213 155 312 
176 218 216 337 
190 218 216 325 
191 218 216 246 
0 219 125 251 
0 219 131 251 
0 219 125 257 
31 219 125 250 
0 220 104 257 
0 220 131 289 
0 220 131 297 
44 220 131 249 
49 220 131 249 
149 220 198 337 
167 220 198 337 
176 220 198 337 
178 220 190 275 
179 220 190 275 
49 221 131 250 
178 225 186 249 
471 225 498 281 
149 227 178 332 
149 227 250 354 
289 227 398 348 
316 227 390 314 
316 227 398 314 
319 227 392 291 
319 227 392 327 
319 227 398 332 
357 227 403 284 
395 227 403 263 
473 227 499 285 
149 228 178 337 
158 228 178 332 
158 228 206 332 
158 228 249 342 
312 228 498 385 
368 228 498 385 
412 228 485 324 
412 228 498 341 
412 228 498 360 
414 228 485 324 
0 229 499 405 
414 229 459 258 
414 229 459 265 
472 229 499 335 
473 229 499 284 
473 229 499 285 
475 229 499 383 
490 229 498 264 
80 230 122 240 
165 230 172 254 
190 230 237 338 
190 230 250 350 
205 230 250 350 
212 230 237 338 
231 230 232 279 
231 230 233 286 
231 230 237 292 
357 230 402 346 
165 231 172 254 
356 231 398 263 
356 231 398 265 
361 231 398 289 
374 231 396 258 
417 231 458 240 
417 231 458 243 
417 231 458 246 
417 231 458 265 
417 231 458 287 
165 232 172 254 
190 232 214 325 
219 232 230 282 
219 232 230 285 
239 232 245 268 
398 232 403 314 
0 233 119 290 
192 233 215 245 
381 233 398 253 
43 234 147 326 
43 234 147 332 
149 234 191 337 
149 234 205 337 
154 234 198 337 
154 234 250 354 
165 234 199 338 
415 234 455 240 
0 235 147 331 
0 235 499 374 
0 235 499 389 
0 235 499 405 
50 235 142 316 
50 235 147 326 
50 235 147 331 
55 235 147 326 
55 235 147 327 
190 235 214 325 
250 235 467 373 
250 235 499 374 
321 235 399 352 
324 235 498 405 
362 235 498 405 
392 235 498 358 
420 235 458 269 
420 235 490 334 
421 235 458 265 
191 236 224 334 
199 236 223 328 
199 236 224 328 
204 236 224 287 
204 236 219 288 
204 236 219 326 
204 236 224 327 
213 236 224 286 
382 236 457 351 
420 236 456 267 
420 236 456 324 
420 236 456 326 
426 236 457 259 
54 237 104 275 
121 237 133 259 
204 237 222 287 
214 237 222 286 
356 237 390 265 
398 237 458 328 
420 237 458 272 
420 237 458 326 
204 238 215 287 
310 238 337 265 
310 238 345 293 
357 238 377 259 
424 238 457 261 
190 239 215 326 
205 239 215 284 
357 239 377 260 
419 240 456 265 
450 240 457 258 
177 241 206 328 
190 241 205 325 
190 241 215 326 
190 241 206 328 
190 241 206 331 
190 241 215 331 
382 241 443 351 
398 241 443 330 
412 241 445 287 
418 241 443 330 
420 241 439 265 
199 242 220 328 
206 242 219 327 
206 242 249 342 
355 242 392 265 
219 244 224 271 
222 244 369 370 
321 244 344 265 
321 244 344 275 
191 245 199 278 
222 245 369 370 
258 245 369 353 
259 245 333 353 
259 245 344 353 
259 245 369 353 
292 245 333 320 
292 245 333 353 
177 246 194 294 
177 246 194 314 
219 246 224 270 
0 247 78 289 
0 247 78 291 
0 247 116 362 
0 247 247 364 
0 248 63 278 
191 248 199 278 
0 249 71 289 
0 249 71 297 
395 249 498 329 
395 249 498 342 
451 249 498 309 
0 250 73 289 
8 250 73 291 
50 250 114 316 
50 250 132 324 
50 250 159 326 
331 251 399 352 
331 251 473 372 
383 251 399 351 
395 251 458 329 
330 252 344 267 
0 253 62 290 
0 253 62 300 
128 253 159 326 
139 253 159 313 
151 253 159 293 
310 253 346 290 
321 253 344 267 
321 253 345 275 
330 253 344 267 
273 254 275 305 
289 254 332 348 
289 254 346 348 
310 254 338 289 
310 254 345 289 
310 254 346 290 
101 255 132 324 
291 255 346 344 
321 255 343 275 
139 256 154 313 
316 256 344 289 
95 257 108 284 
317 257 344 293 
317 257 345 293 
320 257 333 279 
320 257 344 289 
320 257 345 289 
362 257 499 376 
435 257 499 335 
435 257 499 337 
446 257 497 335 
451 257 498 328 
457 257 498 312 
461 257 497 311 
461 257 499 333 
0 258 19 279 
0 258 63 312 
0 258 220 362 
0 258 220 363 
0 258 245 367 
97 258 104 280 
132 258 139 319 
136 258 147 284 
330 258 345 272 
423 258 458 324 
461 258 497 308 
0 259 18 295 
0 259 63 313 
0 259 53 318 
0 259 53 342 
0 259 116 356 
0 259 82 358 
0 259 116 362 
0 259 272 365 
0 259 258 367 
100 259 104 279 
128 259 146 326 
136 259 146 308 
212 260 249 342 
230 260 249 342 
244 260 330 354 
244 260 343 354 
287 260 307 277 
287 260 309 277 
287 260 307 290 
288 260 307 273 
288 260 309 276 
330 260 345 272 
438 260 462 329 
452 260 462 329 
472 260 498 285 
472 260 499 405 
473 260 499 284 
473 260 499 285 
475 260 499 297 
133 261 135 319 
418 261 443 330 
446 261 493 335 
451 261 459 328 
19 262 53 281 
288 262 307 278 
398 262 426 319 
398 262 421 328 
398 262 439 329 
398 262 446 329 
422 262 457 277 
423 262 456 324 
424 262 457 326 
438 262 457 324 
450 262 491 324 
450 262 491 334 
0 263 18 291 
0 263 63 311 
0 263 63 313 
0 263 63 342 
0 263 81 342 
0 263 114 362 
0 263 220 362 
0 263 94 363 
0 263 155 363 
0 263 185 363 
0 263 236 363 
0 263 237 363 
0 263 249 363 
0 263 247 364 
6 263 18 289 
73 263 97 297 
81 263 88 285 
233 263 237 292 
244 263 319 343 
244 263 330 354 
287 263 305 290 
287 263 306 290 
287 263 307 290 
424 263 446 326 
438 263 456 324 
398 264 442 328 
421 264 448 287 
429 264 454 321 
440 264 490 334 
448 264 458 328 
448 264 490 334 
358 265 394 279 
358 265 398 335 
440 265 452 325 
440 265 453 325 
446 265 452 324 
447 265 453 324 
435 266 454 330 
435 266 491 335 
0 267 63 312 
6 267 18 289 
436 267 452 326 
440 267 449 325 
0 268 82 358 
9 268 82 328 
9 268 82 358 
18 268 66 311 
26 268 66 311 
69 268 74 286 
69 269 74 286 
360 269 398 352 
424 269 498 356 
446 269 454 324 
427 270 452 326 
436 270 446 324 
369 271 398 337 
369 271 398 346 
379 271 398 351 
382 271 398 337 
385 271 398 335 
0 272 499 405 
138 272 474 381 
234 272 499 405 
235 272 499 405 
361 272 377 314 
361 272 378 338 
361 272 397 343 
362 272 377 281 
367 272 389 307 
367 272 397 343 
368 272 432 356 
368 272 474 356 
411 272 439 329 
472 272 499 335 
484 272 499 405 
487 272 499 405 
380 273 398 286 
380 273 398 336 
0 274 63 312 
16 274 53 297 
33 274 53 300 
0 275 384 396 
0 275 497 405 
113 275 129 293 
113 275 129 294 
114 275 129 293 
231 275 384 375 
321 275 344 305 
321 275 344 329 
322 275 344 289 
322 275 346 292 
322 275 346 347 
322 275 384 352 
336 275 346 290 
339 275 369 323 
0 276 53 318 
32 276 53 283 
327 276 345 315 
327 276 345 326 
0 277 17 291 
0 277 63 342 
0 277 94 362 
0 277 114 362 
0 277 498 405 
16 277 53 297 
369 277 388 294 
396 277 404 343 
212 278 231 328 
331 278 389 352 
361 278 378 345 
0 279 498 405 
249 279 317 346 
294 279 308 332 
294 279 498 405 
321 279 345 327 
321 279 346 328 
324 279 498 405 
362 279 498 405 
368 279 498 367 
369 279 390 346 
377 279 388 346 
35 280 53 292 
198 280 250 354 
244 280 319 343 
250 280 467 373 
258 280 307 316 
258 280 307 333 
265 280 319 343 
293 280 307 327 
294 280 307 327 
331 280 380 351 
362 280 377 314 
454 280 490 334 
461 283 498 335 
0 284 41 310 
0 284 63 311 
0 284 63 342 
0 284 94 362 
259 284 306 333 
0 285 498 405 
74 285 384 383 
198 285 204 325 
205 285 214 326 
234 285 384 370 
235 285 498 405 
298 285 318 332 
327 285 384 361 
362 285 378 345 
368 285 498 405 
377 285 388 346 
382 285 398 336 
392 285 498 358 
449 285 498 337 
457 285 498 342 
457 285 498 405 
468 285 498 405 
472 285 498 342 
490 285 498 332 
499 285 499 405 
83 286 497 388 
233 286 388 374 
328 286 378 351 
328 286 388 358 
331 286 380 351 
344 286 377 331 
362 286 377 331 
487 286 497 337 
490 286 497 337 
80 287 247 364 
84 287 105 327 
84 287 129 327 
85 287 247 364 
157 287 247 364 
198 287 247 350 
199 287 224 328 
212 287 224 303 
244 287 292 346 
244 287 294 346 
371 287 499 374 
379 287 397 343 
379 287 398 351 
382 287 389 334 
382 287 398 343 
383 287 398 343 
473 287 499 367 
489 287 498 333 
206 288 224 327 
327 288 384 361 
331 288 384 352 
344 288 368 321 
382 288 398 351 
191 289 199 330 
192 289 222 336 
243 289 253 312 
328 289 345 347 
369 289 378 338 
449 289 498 337 
499 289 499 405 
18 290 53 310 
158 290 195 337 
191 290 199 331 
191 290 199 334 
177 291 237 362 
178 291 186 314 
198 291 224 338 
198 291 237 342 
198 291 245 367 
206 291 220 327 
325 291 345 347 
330 291 376 353 
330 291 376 357 
331 291 389 352 
0 292 247 364 
18 292 175 362 
18 292 207 362 
18 292 224 362 
18 292 256 367 
18 292 258 367 
78 292 161 335 
97 292 160 340 
146 292 160 325 
146 292 161 326 
233 292 293 350 
339 293 343 327 
0 294 222 362 
0 294 272 365 
138 294 160 333 
299 294 305 308 
128 295 143 326 
146 295 162 325 
340 295 343 326 
340 295 343 327 
0 296 32 311 
0 297 17 318 
0 297 23 318 
0 297 28 324 
0 297 17 342 
0 297 23 342 
0 297 28 342 
0 297 497 388 
0 297 497 405 
18 297 52 308 
80 297 116 335 
80 297 129 335 
80 297 129 340 
80 297 180 340 
233 297 293 350 
233 297 372 375 
233 297 497 384 
233 297 497 388 
332 297 338 327 
99 298 129 326 
302 298 333 353 
473 298 499 367 
0 299 116 356 
0 299 222 362 
17 299 116 333 
24 299 63 311 
78 299 154 335 
81 299 104 332 
81 299 114 332 
82 299 114 332 
82 299 129 334 
86 299 105 331 
86 299 129 331 
100 299 154 335 
129 299 154 335 
97 300 157 340 
109 300 157 337 
129 300 157 337 
0 301 222 362 
0 301 94 363 
5 301 94 336 
5 301 181 353 
5 301 222 353 
9 301 82 328 
17 301 94 345 
58 301 94 333 
58 301 110 333 
222 304 266 345 
222 304 307 345 
222 304 325 355 
222 304 330 370 
392 304 498 358 
423 304 498 358 
424 304 498 344 
424 304 498 356 
0 306 20 325 
0 306 17 342 
0 306 20 342 
0 306 28 342 
245 307 289 337 
0 308 94 362 
16 308 90 362 
16 308 220 362 
17 308 81 317 
17 308 82 323 
17 308 90 332 
17 308 90 341 
17 308 94 341 
17 308 94 342 
17 308 90 344 
17 308 94 345 
17 308 94 362 
17 308 220 362 
80 309 249 363 
93 309 249 363 
95 309 145 340 
95 309 185 340 
97 309 154 340 
97 309 249 363 
128 309 154 338 
0 310 38 347 
0 310 48 347 
0 310 79 347 
0 310 72 348 
0 310 79 348 
0 310 48 352 
0 310 72 356 
0 310 48 362 
0 310 79 363 
95 310 139 335 
198 310 237 343 
199 310 225 339 
245 310 284 334 
351 311 474 356 
351 311 496 356 
351 311 496 362 
392 311 467 351 
394 311 464 344 
411 311 474 347 
416 311 471 334 
458 311 490 334 
64 312 81 323 
398 312 439 343 
398 312 491 349 
449 312 491 335 
457 312 498 341 
0 313 14 342 
0 313 15 342 
244 313 292 338 
250 313 343 363 
325 313 343 347 
328 313 343 348 
0 314 14 342 
0 314 32 347 
0 314 32 357 
0 314 85 362 
0 314 84 363 
28 314 81 334 
31 314 79 334 
32 314 85 344 
33 314 79 327 
33 314 77 328 
33 314 79 328 
33 314 77 329 
35 314 75 326 
389 314 422 344 
392 314 424 348 
394 314 439 344 
397 314 463 342 
398 314 439 343 
399 314 419 338 
0 315 38 358 
0 315 72 358 
0 315 74 362 
0 315 247 364 
16 315 33 358 
18 315 80 362 
18 315 108 362 
18 315 175 362 
20 315 72 348 
21 315 72 334 
24 315 68 334 
24 315 80 346 
28 315 72 330 
29 315 72 338 
33 315 79 330 
93 315 110 327 
94 315 114 326 
109 315 139 335 
110 315 129 334 
110 315 129 335 
129 315 180 337 
129 315 185 338 
325 315 377 352 
95 316 139 334 
100 316 129 335 
109 316 130 334 
138 316 374 375 
138 316 383 381 
205 316 349 375 
205 316 374 375 
304 316 329 346 
0 317 74 362 
78 317 106 335 
285 317 294 331 
35 318 72 329 
0 322 14 342 
368 322 498 367 
388 322 498 351 
388 322 498 367 
403 322 471 344 
403 322 498 344 
411 322 450 334 
31 324 94 341 
37 324 94 342 
95 324 175 347 
95 324 175 354 
107 324 164 354 
107 324 234 363 
107 324 249 363 
111 324 175 347 
124 324 164 354 
138 324 175 336 
0 325 19 352 
0 325 84 363 
392 325 474 355 
423 325 474 332 
457 325 484 335 
173 326 222 342 
368 326 472 359 
368 326 497 359 
392 326 472 349 
396 326 470 349 
396 326 495 349 
396 326 495 356 
403 326 470 343 
419 326 450 333 
423 326 472 332 
72 327 108 348 
79 327 140 350 
79 327 181 353 
95 327 112 340 
198 327 237 342 
198 327 247 350 
249 327 317 346 
250 327 303 342 
250 327 315 342 
250 327 317 346 
250 327 327 354 
250 327 328 354 
250 327 335 355 
250 327 335 361 
250 327 341 363 
250 327 432 373 
250 327 467 373 
251 327 318 343 
251 327 328 354 
254 327 316 341 
259 327 318 343 
259 327 325 355 
17 328 152 362 
17 328 220 362 
17 328 247 364 
38 328 108 348 
72 328 108 348 
72 328 110 348 
72 328 155 354 
73 328 108 348 
73 328 140 348 
73 328 152 354 
80 328 108 348 
80 328 220 356 
83 328 140 352 
83 328 220 359 
85 328 140 351 
85 328 220 357 
97 328 113 340 
97 328 115 340 
97 328 129 340 
103 328 140 349 
103 328 189 356 
103 328 220 356 
109 328 140 347 
111 328 140 347 
119 328 220 357 
129 328 181 353 
0 329 83 362 
16 329 48 352 
16 329 83 362 
17 329 84 362 
31 329 68 334 
31 329 80 338 
31 329 80 346 
32 329 80 346 
33 329 68 334 
33 329 78 336 
34 329 82 341 
287 329 315 341 
368 329 408 356 
368 329 470 359 
411 329 474 347 
31 330 68 334 
107 330 272 365 
171 330 236 363 
176 330 224 348 
176 330 224 357 
177 330 237 362 
185 330 220 342 
185 330 228 350 
200 330 245 367 
207 330 228 350 
207 330 237 362 
219 330 272 351 
265 330 327 354 
122 331 220 359 
176 331 220 342 
177 331 220 342 
185 331 220 342 
185 331 221 342 
189 331 220 337 
192 331 220 337 
218 331 249 351 
368 331 432 363 
403 331 471 344 
85 332 155 354 
392 332 471 349 
392 332 471 355 
405 332 491 349 
446 332 495 344 
471 332 498 342 
20 333 44 348 
31 333 80 346 
80 333 108 348 
85 333 207 358 
152 333 207 358 
154 333 189 356 
154 333 234 363 
185 333 220 342 
249 333 304 346 
250 333 279 343 
250 333 311 351 
250 333 335 355 
263 333 279 343 
263 333 296 343 
263 333 307 344 
403 333 470 343 
472 333 498 360 
250 334 317 346 
250 334 335 355 
254 334 300 346 
254 334 330 354 
362 334 498 376 
442 334 496 356 
463 334 498 376 
472 334 498 351 
38 335 79 342 
107 335 140 349 
126 335 189 356 
137 335 164 354 
138 335 158 353 
138 335 193 358 
138 335 222 359 
138 335 236 364 
138 335 247 364 
139 335 181 358 
139 335 193 358 
139 335 222 359 
388 335 467 351 
392 335 467 351 
396 335 463 349 
424 335 465 348 
424 335 470 349 
435 335 463 347 
435 335 470 348 
442 335 471 352 
442 335 497 367 
459 335 496 356 
38 336 80 344 
176 336 220 342 
226 336 247 353 
351 336 470 356 
368 336 438 356 
392 336 467 351 
392 336 467 356 
396 336 455 349 
405 336 455 349 
435 336 463 347 
468 336 497 351 
253 337 297 346 
362 337 498 405 
368 337 498 405 
388 337 467 351 
472 337 497 349 
0 338 250 403 
0 338 499 405 
37 338 84 344 
38 338 83 345 
85 338 157 356 
121 338 157 356 
122 338 152 354 
351 338 397 352 
351 338 470 356 
362 338 498 405 
375 338 498 405 
387 338 470 356 
464 338 497 367 
468 338 498 405 
472 338 497 351 
473 338 497 349 
17 339 83 362 
34 339 83 345 
46 339 83 344 
85 339 137 352 
157 339 236 364 
176 339 224 348 
176 339 217 358 
176 339 234 363 
223 339 258 350 
250 339 299 351 
0 340 188 396 
0 340 497 405 
17 340 83 362 
107 340 157 356 
107 340 242 365 
165 340 222 359 
172 340 211 359 
172 340 236 364 
396 340 416 349 
396 340 467 352 
24 341 84 362 
74 341 370 383 
74 341 374 383 
85 341 132 352 
93 341 135 352 
103 341 136 352 
152 341 242 365 
175 341 207 358 
175 341 217 358 
18 342 74 362 
326 343 341 363 
368 343 498 405 
375 343 498 405 
431 343 498 405 
463 343 498 376 
468 343 498 405 
0 344 18 356 
0 344 18 357 
0 344 22 359 
0 344 23 362 
0 344 27 363 
0 344 29 363 
0 344 367 385 
0 344 370 385 
0 344 383 385 
0 344 175 393 
0 344 340 405 
0 344 497 405 
0 344 498 405 
0 344 499 405 
68 344 84 361 
74 344 370 383 
83 344 370 381 
154 344 203 359 
154 344 211 362 
156 344 184 359 
205 344 234 363 
231 344 350 375 
231 344 375 375 
234 344 364 375 
234 344 372 375 
235 344 350 375 
235 344 497 387 
290 344 335 355 
291 344 330 354 
291 344 325 355 
300 344 328 354 
300 344 333 356 
300 344 377 374 
300 344 497 387 
28 345 224 385 
28 345 367 385 
33 346 80 350 
33 346 80 355 
35 346 80 352 
43 346 498 405 
83 346 370 381 
83 346 498 405 
181 346 204 357 
203 346 238 363 
203 346 256 367 
204 346 236 364 
250 346 303 355 
332 346 388 358 
351 346 388 352 
0 347 370 396 
33 347 80 355 
51 347 80 357 
72 347 370 382 
74 347 206 383 
83 347 350 381 
83 347 370 381 
83 347 497 388 
83 347 370 393 
233 347 340 374 
234 347 331 370 
235 347 277 362 
237 347 330 370 
243 347 353 374 
273 347 298 361 
293 347 432 373 
304 347 353 369 
396 347 470 356 
17 348 31 362 
233 348 340 374 
395 348 470 359 
0 349 368 403 
0 349 497 405 
83 349 142 362 
83 349 367 381 
83 349 368 381 
83 349 368 389 
83 349 370 393 
362 349 473 372 
371 349 498 374 
0 350 497 405 
83 350 367 381 
362 350 473 372 
169 351 211 362 
183 351 204 361 
200 351 497 405 
223 351 256 367 
332 351 377 358 
357 351 408 362 
367 351 473 384 
367 351 497 384 
368 351 498 385 
369 351 498 385 
371 351 495 384 
371 351 497 388 
235 352 280 372 
274 352 374 375 
323 352 374 375 
324 352 377 374 
326 352 374 373 
326 352 375 373 
331 352 372 375 
335 352 360 357 
449 353 497 371 
312 354 370 375 
237 356 279 372 
362 356 383 381 
362 356 437 384 
362 356 499 389 
0 357 23 362 
0 357 27 363 
0 357 29 363 
0 357 186 396 
0 357 280 403 
0 357 497 405 
43 357 118 367 
82 357 175 377 
82 357 273 386 
83 357 175 377 
119 357 367 381 
327 357 366 375 
243 358 322 374 
376 358 498 405 
397 358 498 405 
0 359 195 396 
322 359 496 388 
363 359 383 381 
363 359 405 381 
363 359 429 381 
363 359 496 388 
368 359 431 371 
0 360 186 393 
0 360 186 403 
0 360 497 405 
93 360 273 389 
362 360 447 387 
362 360 497 388 
362 360 497 389 
363 360 442 384 
363 360 497 387 
363 360 497 388 
414 360 446 384 
414 360 465 387 
414 360 496 387 
414 360 496 388 
425 360 499 389 
0 361 175 393 
0 361 179 393 
0 361 293 403 
0 361 497 405 
431 361 447 379 
433 361 446 384 
433 361 497 388 
263 364 322 374 
419 364 497 388 
231 365 280 372 
294 365 366 377 
326 365 363 373 
419 365 497 388 
235 366 278 372 
274 366 354 375 
433 366 445 384 
433 366 446 384 
135 367 207 381 
135 367 287 398 
418 367 465 387 
439 369 497 388 
274 370 312 374 
433 370 443 384 
274 372 312 374 
322 372 368 379 
376 372 437 386 
397 372 429 378 
451 372 496 385 
234 373 369 381 
294 373 366 377 
320 373 498 405 
138 374 273 386 
294 375 366 377 
0 376 497 405 
164 376 291 399 
174 377 287 398 
291 377 370 381 
324 377 497 391 
383 377 416 382 
324 378 411 383 
356 378 411 383 
368 378 425 384 
372 378 423 384 
456 378 496 387 
456 378 497 388 
0 379 292 403 
0 379 340 405 
172 379 292 400 
234 379 370 381 
200 380 497 405 
0 381 209 403 
60 381 497 405 
80 381 190 391 
143 381 190 385 
0 382 293 403 
76 382 497 405 
191 382 293 399 
207 382 497 405 
212 382 281 393 
212 382 340 405 
220 382 499 405 
225 382 281 391 
272 382 340 405 
273 382 340 405 
324 382 403 383 
324 382 433 386 
324 382 497 391 
376 382 433 386 
437 382 496 388 
0 384 274 403 
0 384 280 403 
472 384 499 405 
0 386 209 403 
80 386 163 391 
83 387 143 391 
383 387 497 393 
397 387 497 391 
0 389 44 396 
0 389 45 396 
0 389 105 403 
0 392 68 399 
0 392 105 403 
205 392 320 405 
0 393 44 396 
0 394 282 405 
112 394 320 405 
200 394 320 405 
0 396 298 405 
0 397 319 405 
112 397 284 405 
0 398 283 405 
112 398 283 405 
112 398 320 405 
200 398 320 405 
0 399 283 405 
205 399 320 405 
272 400 319 405 
0 404 111 404 
0 404 189 405 
0 405 189 405 
