83	116	95	107	0.250574
211	1	44	27	0.219143
99	117	78	71	0.190852
265	41	52	40	0.180213
83	1	341	279	0.179346
280	1	52	34	0.175232
83	118	112	162	0.17094
253	14	61	85	0.167392
97	118	69	63	0.164216
60	1	304	222	0.16282
98	1	268	187	0.160855
252	25	63	96	0.159975
146	1	278	320	0.158081
247	1	177	186	0.156544
253	41	68	41	0.156224
244	1	88	121	0.155724
82	1	252	279	0.155283
211	1	121	121	0.152091
148	1	61	85	0.150906
208	1	124	81	0.150783
265	34	51	54	0.150185
147	1	185	132	0.149838
253	26	64	55	0.149076
80	119	43	102	0.148743
85	119	67	102	0.148691
148	1	106	83	0.148139
105	149	60	39	0.147674
148	1	185	98	0.146662
33	118	145	105	0.146481
253	13	77	70	0.145008
149	1	275	185	0.144594
132	1	183	157	0.144178
85	1	80	221	0.143453
145	1	187	278	0.143373
85	11	339	381	0.1433
146	1	140	101	0.143277
210	1	49	68	0.143065
81	118	145	105	0.142937
81	1	191	219	0.142651
247	1	96	162	0.141587
83	103	341	183	0.141084
98	20	222	168	0.13937
242	1	92	87	0.139217
245	1	179	135	0.137204
149	1	32	82	0.136263
253	1	171	268	0.136112
346	151	49	27	0.135858
51	1	268	187	0.135773
208	1	135	185	0.134905
81	118	106	63	0.134264
97	118	80	41	0.134241
85	117	108	237	0.134113
148	1	124	149	0.132597
247	1	177	81	0.13243
385	3	39	21	0.132342
84	118	85	153	0.131806
264	1	71	81	0.131007
146	1	73	96	0.130994
243	1	136	187	0.13084
189	1	66	27	0.129762
210	1	214	309	0.129252
251	31	64	64	0.128289
265	40	51	60	0.127736
246	1	87	35	0.12739
271	1	72	33	0.126772
97	1	68	190	0.124842
105	147	60	26	0.124655
210	1	105	97	0.124639
132	1	135	181	0.124491
154	1	178	196	0.124415
299	41	15	45	0.124215
100	1	64	85	0.123904
149	1	183	391	0.123409
253	42	171	146	0.123348
148	1	127	278	0.12261
374	1	50	23	0.121896
253	26	62	132	0.121596
244	1	132	134	0.121499
262	14	52	68	0.121171
307	1	117	79	0.12099
148	1	228	256	0.120806
155	1	269	132	0.120325
281	15	50	21	0.119794
103	1	62	156	0.119467
208	1	67	67	0.118858
139	1	115	118	0.118461
98	1	175	285	0.118324
346	106	60	60	0.118148
253	25	103	97	0.117789
210	1	58	99	0.117724
60	1	212	157	0.117283
209	20	105	61	0.117195
211	1	122	37	0.11683
283	2	45	21	0.116737
103	142	66	48	0.116733
210	1	190	121	0.116376
82	117	151	163	0.116253
209	1	196	80	0.11561
103	121	64	36	0.115181
281	1	53	53	0.114999
211	1	43	53	0.11495
82	109	224	114	0.114805
285	42	123	146	0.114639
211	1	46	40	0.11448
208	19	57	51	0.11443
251	26	155	107	0.114342
98	143	95	136	0.114308
210	1	123	49	0.114141
101	166	54	24	0.114069
242	25	90	58	0.113822
83	56	93	166	0.113765
95	94	81	96	0.11258
130	1	37	82	0.112174
98	147	67	71	0.111648
32	116	160	164	0.111501
149	1	49	99	0.111405
98	107	54	25	0.110723
149	104	275	205	0.110607
339	1	85	78	0.11048
142	1	52	85	0.110381
51	118	142	213	0.110221
98	126	67	84	0.110116
343	148	81	106	0.110091
113	1	50	99	0.110075
103	144	321	164	0.110063
315	151	109	118	0.109912
257	1	76	53	0.109886
101	145	82	33	0.109488
251	29	169	136	0.109455
100	105	297	214	0.109076
245	1	73	81	0.109037
210	1	105	161	0.108811
293	41	22	40	0.108437
148	145	27	78	0.107587
54	1	122	219	0.107571
248	28	81	64	0.107167
209	1	90	29	0.107157
106	8	225	141	0.107115
339	57	67	109	0.106971
186	347	43	45	0.106944
308	41	24	40	0.106557
53	1	266	391	0.106016
97	163	68	49	0.105967
82	1	111	285	0.105796
97	109	58	81	0.105685
361	1	63	78	0.105675
98	1	153	190	0.105298
83	103	323	117	0.105288
243	1	72	157	0.104733
247	1	96	230	0.104629
97	118	94	88	0.104449
159	104	265	288	0.104366
65	105	334	287	0.104026
247	1	130	94	0.103436
56	28	260	131	0.103281
244	1	52	38	0.103186
210	33	105	53	0.103152
169	1	87	43	0.103104
205	1	105	69	0.102251
285	37	30	52	0.102223
169	28	148	105	0.102112
85	112	222	168	0.101631
345	151	56	35	0.101435
60	32	349	157	0.101329
56	1	121	154	0.101275
101	149	70	33	0.101229
250	6	81	179	0.101151
72	107	85	125	0.101147
85	131	90	51	0.101117
189	1	144	67	0.100467
56	1	260	127	0.100201
93	1	84	154	0.100196
98	117	79	125	0.100057
105	143	319	249	0.0999233
152	57	272	222	0.0999185
148	1	69	161	0.0998109
206	344	24	48	0.0996171
103	121	49	32	0.0995291
253	16	123	74	0.0994115
84	117	147	275	0.098846
102	143	293	137	0.0985362
102	143	90	176	0.0980678
252	24	78	88	0.097961
157	13	26	70	0.0979509
297	151	127	157	0.0976642
309	41	31	39	0.0972912
343	151	51	45	0.0968869
253	28	124	133	0.0968616
1	118	191	213	0.0968385
309	41	97	129	0.0963803
159	103	235	177	0.0959523
196	19	118	112	0.0954728
196	16	169	172	0.0950787
85	1	184	391	0.0949702
257	15	74	34	0.0947335
147	146	277	141	0.0946177
281	41	35	39	0.0943871
85	118	93	53	0.0942094
265	41	72	41	0.0941517
246	1	44	33	0.0941159
265	55	136	133	0.0938885
291	1	133	307	0.0938408
381	1	43	33	0.093782
1	1	180	219	0.093761
339	57	85	75	0.0936759
96	163	81	55	0.0936566
97	118	121	63	0.0936045
213	9	55	72	0.0934398
100	29	186	128	0.0934395
249	151	175	157	0.0934087
211	1	87	38	0.0932274
97	1	85	218	0.0931387
237	105	187	237	0.0930614
84	118	282	185	0.0928498
15	116	95	106	0.0928086
202	1	131	230	0.0926666
214	26	207	109	0.0926327
97	58	309	135	0.0925711
261	1	76	41	0.0925301
151	20	121	168	0.0922785
43	1	122	181	0.0919955
103	110	67	108	0.0918196
318	106	90	61	0.0916422
211	7	45	19	0.0916365
280	12	144	68	0.0915816
96	147	87	41	0.0912642
253	26	19	40	0.0911372
146	1	87	185	0.0910742
56	1	111	84	0.0906747
364	57	60	75	0.0906486
258	25	90	58	0.0904133
291	140	133	131	0.0897822
258	1	57	117	0.0896602
343	151	81	158	0.0894278
190	25	153	224	0.0894136
258	28	63	21	0.0891959
169	1	105	69	0.0891862
309	26	21	55	0.089093
257	42	167	289	0.0889854
177	1	81	67	0.0888335
193	349	39	43	0.0885966
101	28	305	137	0.0884113
83	118	86	253	0.0882126
252	15	172	89	0.0881946
343	151	69	43	0.0880715
169	20	146	232	0.0880293
211	15	189	77	0.0879799
87	35	185	149	0.087384
243	103	181	172	0.0872346
277	147	147	185	0.0872327
375	1	49	88	0.0871775
215	20	57	22	0.0869664
257	40	120	41	0.0869628
280	15	51	28	0.086783
258	1	101	139	0.0866169
214	1	44	97	0.0861794
168	28	253	137	0.0861637
252	25	168	56	0.0861187
252	41	172	99	0.086098
343	52	81	203	0.0859437
340	52	67	81	0.0858027
309	41	21	55	0.0857008
202	1	163	285	0.0856891
365	57	41	76	0.0856697
381	265	43	64	0.0855045
85	111	242	281	0.085347
291	100	133	236	0.0853173
243	25	77	168	0.0851207
325	112	76	53	0.0850121
175	150	249	179	0.0849999
205	342	38	50	0.0849262
335	42	73	140	0.0847753
281	1	106	79	0.0847057
102	1	118	161	0.0844128
105	142	72	70	0.084316
326	58	74	117	0.0843156
103	76	240	129	0.0841837
281	1	107	33	0.0841649
72	6	106	182	0.0839975
61	1	106	130	0.0839121
94	70	82	115	0.0838974
61	1	172	190	0.0838969
253	23	105	71	0.0836005
247	25	129	224	0.0834665
315	149	109	191	0.0832849
289	149	135	232	0.0831339
98	121	25	62	0.0831254
86	39	92	149	0.0830658
103	165	52	46	0.0829772
229	26	177	305	0.0829272
157	20	129	91	0.0828535
27	111	79	121	0.0827948
309	40	28	49	0.0823405
252	24	153	71	0.082156
84	68	73	153	0.0821341
365	58	59	23	0.0817195
377	266	47	84	0.0817036
387	221	37	87	0.0814724
323	1	101	270	0.081394
242	151	182	118	0.0813689
98	63	71	143	0.0813495
241	1	57	25	0.0810813
381	266	43	43	0.0809062
343	106	81	157	0.0808099
206	16	48	53	0.0805962
242	1	108	48	0.0805094
253	1	51	120	0.0803282
258	1	166	57	0.080307
101	150	54	23	0.0799873
385	11	39	15	0.0799129
156	5	39	80	0.079799
149	348	80	44	0.0797011
253	36	123	87	0.0796822
315	58	109	215	0.0796121
196	1	76	121	0.0794738
204	1	83	97	0.079419
348	143	48	26	0.0792028
370	13	54	66	0.0791379
363	1	61	131	0.0790853
208	27	117	80	0.0787564
97	163	74	33	0.0784915
289	99	117	87	0.0783945
69	119	40	102	0.0781365
335	58	89	49	0.0781138
333	57	72	41	0.0781059
40	6	224	177	0.0780407
265	1	62	124	0.0779662
100	106	77	49	0.0778716
72	163	93	51	0.077695
95	59	229	129	0.0776137
97	95	227	93	0.0774168
257	42	54	25	0.0773917
1	1	192	278	0.077036
209	19	44	26	0.0769005
271	1	130	94	0.0766395
105	134	69	21	0.0765656
308	29	29	54	0.0763757
245	1	36	24	0.0763636
66	148	99	41	0.0763124
282	1	85	185	0.0762431
265	26	66	23	0.0761786
98	142	95	229	0.075966
209	19	44	61	0.0759616
126	1	43	146	0.0757455
136	20	131	105	0.0757183
319	73	88	96	0.0756219
205	337	57	55	0.0755739
205	8	68	53	0.0754934
384	1	40	99	0.07544
261	27	50	23	0.0751733
310	95	96	70	0.075102
213	25	169	56	0.0750595
56	141	136	157	0.0747698
61	1	197	83	0.0746222
204	17	126	53	0.0745547
261	10	76	45	0.0744779
243	75	163	112	0.0744195
205	321	32	71	0.0743758
296	1	110	171	0.074183
205	19	67	30	0.0741658
245	26	41	97	0.0741229
162	141	65	139	0.0740528
136	3	179	113	0.0739147
334	58	72	57	0.0737325
96	113	60	19	0.0737024
339	1	85	131	0.0736919
324	1	81	78	0.0735238
253	26	19	55	0.0734502
391	265	33	66	0.0733217
309	41	68	39	0.0731152
247	1	57	145	0.0729862
84	57	199	164	0.0728843
129	110	214	113	0.072615
380	1	44	69	0.0724795
245	8	44	22	0.0723376
98	101	67	61	0.0722796
210	19	105	215	0.0722536
205	344	86	48	0.0721615
200	26	165	366	0.0721347
143	1	44	123	0.0720609
346	118	68	47	0.0719741
241	57	168	213	0.0717944
325	1	99	168	0.0716934
103	147	66	117	0.0716857
242	28	83	218	0.0715816
167	1	105	233	0.071448
309	42	68	53	0.0707053
253	15	80	51	0.0706481
33	117	144	71	0.0706012
331	58	88	130	0.0705474
103	162	67	72	0.0704906
29	1	134	94	0.07047
294	151	103	136	0.0704667
307	58	99	83	0.0704629
177	1	88	102	0.0704548
54	117	115	258	0.0703754
187	18	139	374	0.0702442
219	103	177	195	0.0700937
346	90	55	81	0.070035
150	1	109	63	0.0700228
205	28	64	51	0.0699518
280	13	52	42	0.0699444
214	8	117	49	0.0699206
161	74	182	318	0.0699109
97	121	35	60	0.0695106
131	75	195	204	0.0695106
271	58	153	85	0.0692718
337	24	87	55	0.06924
339	58	63	25	0.0691827
205	321	43	71	0.0689015
271	13	109	176	0.0688789
286	5	45	19	0.0688452
365	48	59	27	0.0688278
1	119	110	145	0.068699
369	265	55	96	0.0686622
381	264	43	107	0.0686582
309	41	47	56	0.0685008
185	10	90	61	0.0684214
94	113	188	75	0.0679013
196	39	204	89	0.067884
381	222	43	108	0.0675282
97	118	245	89	0.0672306
101	154	68	41	0.0670209
161	1	135	45	0.0669985
245	1	39	43	0.0669208
91	102	87	58	0.0667802
294	40	21	54	0.0667787
103	143	239	80	0.0667414
105	183	54	27	0.0666665
358	265	66	69	0.0665467
346	57	78	22	0.0665014
258	41	163	49	0.0664975
334	57	43	38	0.0663513
269	49	43	35	0.0663468
129	91	214	105	0.066286
90	163	75	97	0.0662795
97	125	64	112	0.0662381
296	39	110	105	0.066153
157	20	55	85	0.0660783
177	1	43	43	0.0660699
245	41	161	75	0.0660431
111	167	55	21	0.0659836
130	103	213	153	0.0657763
197	14	84	55	0.0656537
6	71	105	149	0.0656194
253	28	32	52	0.0655266
32	118	75	164	0.0654126
268	16	63	66	0.0652832
337	105	70	70	0.0648777
373	221	51	42	0.0648369
258	100	153	87	0.0648033
204	16	68	64	0.064742
375	64	49	69	0.0646896
261	1	31	35	0.064687
156	11	33	92	0.0645719
337	46	87	33	0.0645489
377	221	47	53	0.0645467
364	58	60	54	0.0643096
293	29	22	54	0.0641952
176	347	43	45	0.064175
213	32	169	63	0.0640191
343	105	69	83	0.0639322
57	119	66	102	0.063898
325	1	28	31	0.063843
397	221	27	82	0.0638082
244	1	61	32	0.0637465
103	173	64	46	0.0637173
307	15	117	80	0.0636636
137	6	96	149	0.0636386
258	25	22	44	0.0636013
220	96	123	130	0.0635721
385	11	39	48	0.0634588
294	151	102	35	0.0630418
226	1	28	28	0.0630314
353	221	71	32	0.0630004
337	58	87	31	0.0629921
156	1	51	117	0.0628813
346	125	55	40	0.0628725
98	86	67	71	0.0628317
196	325	33	67	0.0628202
97	131	124	164	0.0627656
96	75	190	114	0.0627634
205	297	33	95	0.0626891
292	151	105	179	0.0626855
375	64	32	70	0.0626841
245	149	151	146	0.0626165
205	318	61	74	0.0625411
307	41	117	97	0.0624248
162	143	94	140	0.0623523
365	106	42	64	0.0623105
130	341	99	51	0.0621668
343	146	77	54	0.0621542
253	25	60	41	0.0621007
316	58	92	37	0.0620179
62	1	190	130	0.0617949
271	65	45	17	0.0617189
258	1	108	58	0.0616981
340	16	66	63	0.0616303
258	103	139	285	0.0616009
364	29	60	46	0.0614091
219	1	85	120	0.061207
193	74	213	285	0.0611793
265	14	62	167	0.0611422
257	26	17	40	0.0611413
101	126	51	21	0.0611218
98	163	73	114	0.0608319
97	125	83	204	0.06081
103	86	196	73	0.0607928
105	124	60	23	0.0606139
307	40	117	41	0.0605932
27	54	79	167	0.0605224
101	114	99	41	0.0604961
270	76	45	23	0.0604841
154	20	43	99	0.0604645
326	87	71	78	0.0603147
98	20	118	186	0.0601068
307	37	93	57	0.0600615
72	148	99	64	0.0599857
257	26	74	32	0.0598837
132	1	65	161	0.0598104
340	1	61	81	0.0597871
255	64	164	139	0.0597557
62	33	190	123	0.059708
256	62	157	107	0.0595526
83	121	312	135	0.0594838
211	28	54	33	0.0594597
238	57	186	78	0.0594288
248	58	161	92	0.0591353
169	223	57	57	0.0588888
98	117	54	21	0.0588541
241	76	124	112	0.0588303
357	262	67	109	0.0588264
93	97	60	35	0.0587964
253	51	58	30	0.0587847
213	16	119	341	0.058645
224	28	78	132	0.0584986
270	58	45	24	0.0583352
108	153	63	27	0.0582687
299	13	125	127	0.0582639
365	58	36	20	0.0580238
147	122	196	160	0.0579982
103	55	200	103	0.0579866
253	26	30	44	0.057817
220	87	123	177	0.0576752
311	1	113	39	0.0576535
308	1	29	82	0.0575785
177	321	53	71	0.0574364
150	20	135	67	0.057398
201	347	19	45	0.0573387
196	28	204	77	0.0573011
309	29	45	64	0.0571826
128	1	79	83	0.0571533
229	8	57	117	0.0570921
309	1	85	185	0.0570219
353	266	71	49	0.0569543
190	347	30	45	0.0569379
365	1	35	74	0.0568022
364	45	60	36	0.0567976
353	221	71	43	0.0567923
195	39	79	105	0.0567908
300	22	104	58	0.0565298
124	223	69	57	0.0564611
205	318	84	74	0.0563604
205	340	106	52	0.0563587
257	43	66	27	0.0563214
205	297	44	95	0.0562913
337	162	87	209	0.0562479
206	26	77	43	0.0562475
329	260	95	69	0.0562383
293	34	113	236	0.0562316
309	36	33	67	0.0562271
98	117	161	101	0.0560473
253	23	62	29	0.0559438
247	1	63	66	0.0559424
1	143	196	149	0.0559076
346	124	48	51	0.0558064
96	174	72	36	0.0557604
336	151	88	36	0.0556698
98	62	164	120	0.0556355
157	1	64	43	0.0556006
242	97	101	209	0.0555426
211	8	77	36	0.0554396
365	57	35	43	0.0553898
337	263	87	91	0.05537
206	1	45	21	0.0553514
116	148	54	27	0.0553454
189	28	125	83	0.0552783
297	26	82	68	0.0552204
345	135	62	31	0.0552105
261	144	139	196	0.0550774
68	141	114	79	0.0550592
280	7	52	34	0.0550308
99	158	66	27	0.0549327
1	118	160	185	0.0548973
202	17	52	34	0.0548525
86	147	94	140	0.0546117
333	52	91	45	0.0545439
381	249	43	60	0.0544013
71	82	81	49	0.0543996
335	58	42	55	0.0543532
247	1	45	66	0.0541731
335	15	89	84	0.0540969
106	1	128	84	0.0539681
97	177	64	45	0.053903
169	1	51	51	0.0538861
341	264	83	45	0.0538443
363	14	61	37	0.0538065
206	304	70	88	0.0537123
105	178	58	36	0.0535925
96	124	82	43	0.0535552
143	20	92	97	0.0535544
41	118	111	248	0.0535346
144	54	141	228	0.0532716
307	41	117	53	0.053253
343	151	73	64	0.0530357
258	15	117	39	0.0530124
230	8	28	69	0.0529976
223	103	142	154	0.0529224
261	3	70	31	0.0528581
205	347	17	45	0.0528045
261	28	49	30	0.0527693
98	131	102	51	0.0527283
385	58	39	24	0.0526338
176	156	219	127	0.0525695
10	20	263	103	0.0525296
151	129	124	154	0.0524044
308	1	81	96	0.0522486
46	119	63	129	0.0522241
34	116	90	106	0.0521772
396	37	28	35	0.0519888
189	1	31	43	0.0519395
370	274	54	57	0.0519261
262	7	25	28	0.0519088
1	9	164	137	0.0518993
343	103	76	102	0.051862
1	1	39	39	0.0518236
36	143	195	249	0.0517516
114	223	78	67	0.0516565
313	262	111	46	0.0516125
281	1	36	22	0.0515799
96	57	67	124	0.0515507
97	82	57	51	0.0513951
346	37	78	43	0.0513672
102	68	177	88	0.0513561
33	31	145	125	0.0512784
109	166	46	90	0.0512508
258	27	23	54	0.0512338
214	321	29	71	0.0512075
317	58	62	37	0.0510996
298	58	126	57	0.0510063
1	116	160	264	0.0508569
97	52	55	81	0.050787
282	1	33	82	0.0506645
391	245	33	66	0.0505742
216	36	103	160	0.0504498
103	88	90	69	0.0504464
162	223	67	169	0.0504207
231	57	22	40	0.0503922
349	64	57	69	0.0503666
256	100	109	97	0.0503515
246	15	40	19	0.0503179
374	105	37	68	0.0502489
262	13	55	42	0.0501947
325	1	62	31	0.0500656
189	305	41	87	0.0500264
93	180	66	30	0.0499772
361	58	44	24	0.0499495
214	314	36	78	0.049911
96	132	82	43	0.0497496
340	37	67	42	0.0497493
325	1	27	44	0.0496179
103	183	55	36	0.0495742
162	94	105	188	0.0495459
95	32	57	156	0.0493316
351	57	73	114	0.0491878
261	222	163	114	0.0491751
162	142	89	250	0.0491435
301	222	123	112	0.0490341
139	318	92	74	0.0490234
353	1	71	33	0.0488881
389	220	35	67	0.0487453
241	76	154	149	0.0487004
387	58	37	43	0.0486845
356	57	50	114	0.0485317
213	334	24	58	0.0484919
225	1	37	97	0.0484485
1	1	164	79	0.0484099
337	58	40	24	0.0484
264	1	26	40	0.0483738
218	103	125	224	0.0483271
106	171	45	17	0.0483233
175	190	249	202	0.0482146
166	12	117	52	0.0481807
189	19	66	26	0.0481564
144	103	252	93	0.0480922
49	118	74	153	0.0480284
98	148	71	200	0.0479703
309	6	71	74	0.0479453
323	1	53	76	0.0479292
96	53	83	97	0.0479192
159	122	209	191	0.0479136
103	172	54	60	0.0478865
105	143	74	30	0.0478292
56	20	111	88	0.0477078
100	20	64	90	0.0476933
132	103	167	55	0.0476786
161	103	167	247	0.0475782
339	243	85	88	0.0475446
292	156	27	44	0.0475426
71	163	111	97	0.0475293
321	1	44	30	0.0474892
307	1	49	94	0.0474013
333	108	75	25	0.0473643
326	127	77	37	0.0472446
169	304	60	88	0.0472018
205	274	57	118	0.0471491
1	1	24	36	0.0471431
209	1	84	153	0.0471423
241	1	45	141	0.0470046
271	157	55	40	0.0469944
293	40	84	105	0.0469561
101	160	54	23	0.046921
1	117	108	223	0.0468281
30	119	93	183	0.0467074
97	100	66	33	0.046665
154	177	245	111	0.0466477
251	25	92	36	0.0466422
189	96	176	147	0.0466079
132	86	187	96	0.0465801
172	331	47	61	0.0465729
57	118	71	200	0.0465251
253	25	47	64	0.046525
325	135	70	31	0.0464127
299	265	125	67	0.0463984
103	199	54	45	0.0463214
109	1	88	83	0.0461416
21	1	88	221	0.0461177
281	1	45	17	0.0460751
103	199	55	30	0.0460719
307	107	99	36	0.0458665
205	1	45	68	0.0458563
383	256	41	87	0.045803
101	102	117	55	0.0457217
273	16	103	64	0.0457016
246	8	87	34	0.0456972
190	1	28	28	0.0456817
313	58	63	25	0.0456623
273	238	151	92	0.0456372
353	1	71	45	0.0456355
323	262	101	109	0.0456047
130	34	127	121	0.0455229
191	1	84	269	0.0455206
351	220	73	117	0.0454849
101	142	99	47	0.0454703
227	155	169	177	0.0454598
225	169	199	119	0.0454305
171	203	253	107	0.0454218
263	66	143	75	0.0453694
345	134	75	37	0.045329
345	145	75	36	0.045224
253	25	49	92	0.045117
279	222	145	143	0.0451139
334	57	43	72	0.0451124
324	1	82	132	0.0450706
33	59	145	123	0.044999
256	43	45	23	0.0449965
365	45	35	31	0.0449777
97	91	64	41	0.044967
309	41	33	82	0.0448101
106	161	55	17	0.0448006
294	109	103	197	0.0447056
337	221	87	161	0.0445984
150	74	258	153	0.044339
297	57	80	39	0.0443149
41	4	111	218	0.0443047
314	238	85	52	0.0442804
265	238	159	70	0.0440941
311	243	113	102	0.0440804
289	157	31	34	0.0440756
377	211	17	55	0.0440701
180	273	49	119	0.0440505
168	223	91	66	0.0439997
271	75	49	30	0.0439789
132	76	183	152	0.0438878
195	279	34	113	0.0438845
239	1	15	55	0.0438307
176	8	97	36	0.0437968
290	83	79	105	0.0437842
155	190	269	139	0.0437768
177	222	247	108	0.0437631
229	86	114	282	0.0437363
334	58	57	69	0.0437155
6	36	172	152	0.043713
296	15	110	84	0.0437062
84	121	39	60	0.0436782
98	171	67	74	0.0436188
241	221	183	93	0.0436047
313	220	111	143	0.0435811
365	23	41	111	0.0435542
325	123	72	47	0.0435183
203	253	39	139	0.0435084
281	157	39	31	0.0435025
101	116	82	37	0.0434933
335	22	72	111	0.0434922
373	93	35	39	0.0434534
101	153	54	29	0.0433799
306	41	50	99	0.0433437
341	123	68	44	0.0432634
257	105	156	61	0.0432521
361	26	48	53	0.0432299
306	1	50	138	0.0432171
346	58	59	30	0.0431982
316	54	103	37	0.043153
297	244	127	80	0.043137
253	7	34	31	0.0431306
295	73	111	73	0.0430587
186	96	179	97	0.0430465
354	211	70	99	0.0429724
103	199	54	69	0.0429407
381	1	39	17	0.042831
309	1	24	36	0.0428158
213	28	70	33	0.0427827
98	68	57	64	0.0426687
139	292	90	100	0.0426035
343	107	64	32	0.0426023
257	28	36	20	0.0425752
361	56	43	53	0.0425692
265	1	31	28	0.0425349
270	5	45	120	0.0424885
300	177	99	179	0.0424187
256	1	36	44	0.0423973
339	48	63	29	0.0423638
298	1	81	170	0.0423622
377	209	23	54	0.0422539
247	1	39	87	0.0422525
364	40	60	48	0.0422145
258	87	149	79	0.0421856
377	238	47	27	0.0421508
131	1	73	132	0.0421388
46	34	106	97	0.0421162
124	306	106	86	0.0420725
394	43	30	31	0.0420096
385	315	39	15	0.0419539
246	1	26	36	0.0419537
375	211	30	52	0.0419123
125	223	68	90	0.0419046
271	157	49	27	0.0418356
209	33	24	40	0.0418033
409	286	15	45	0.0417975
276	13	103	236	0.041781
223	1	81	191	0.0416999
176	219	69	173	0.0416567
325	1	64	41	0.0416547
249	177	146	157	0.0416226
376	245	45	19	0.0415775
343	131	81	57	0.0415249
204	235	220	157	0.0414512
246	1	50	19	0.041433
203	292	95	100	0.0414247
205	341	144	51	0.0414244
295	151	99	73	0.0414169
103	116	52	102	0.041394
271	75	87	42	0.0413574
253	22	40	58	0.0413466
331	243	67	44	0.0413175
271	75	87	31	0.0412855
284	157	43	68	0.0412575
373	277	51	38	0.0410998
396	22	28	52	0.0410677
346	241	53	48	0.0410639
205	34	28	28	0.0410197
241	103	31	31	0.0410197
335	57	49	108	0.0410033
385	46	39	33	0.0409927
79	159	114	154	0.0409298
349	275	75	47	0.0409133
98	126	198	85	0.0408824
208	28	69	63	0.0408689
305	41	36	102	0.0408567
97	118	70	27	0.0408474
97	199	66	26	0.0408142
237	1	35	43	0.0408142
41	117	87	265	0.0407876
401	285	23	44	0.0407737
225	19	38	55	0.0406196
370	245	54	77	0.0405894
389	318	35	20	0.0405088
235	103	40	49	0.040428
201	1	19	45	0.0404178
96	172	81	61	0.0404151
336	58	44	30	0.0403503
252	4	20	63	0.040321
353	190	40	61	0.0403072
356	106	53	48	0.0402779
166	223	114	57	0.0402739
1	13	28	28	0.040267
242	86	129	285	0.0402658
292	156	27	59	0.0402458
225	57	39	35	0.0402383
1	1	38	52	0.0402147
393	58	31	61	0.0402035
339	41	85	54	0.040198
177	212	247	149	0.0401701
210	1	23	60	0.0401475
233	1	25	60	0.0401427
276	16	81	74	0.0401373
353	159	40	24	0.04009
226	103	49	33	0.0400898
1	1	115	285	0.0400365
331	250	93	61	0.0399598
88	199	106	88	0.0399415
6	15	117	205	0.0398909
220	103	54	45	0.0398236
385	317	39	17	0.0396457
169	1	39	43	0.0396135
181	1	36	22	0.0396128
203	320	129	72	0.0395757
389	44	35	26	0.0395587
343	237	53	68	0.0395394
341	14	83	36	0.039483
144	142	53	138	0.039413
167	223	128	169	0.0393751
86	173	71	57	0.0393672
298	94	108	49	0.0393523
301	203	123	106	0.0393326
1	229	22	32	0.0393064
326	238	73	75	0.039271
285	49	31	35	0.0391813
178	28	98	174	0.0391475
353	235	30	57	0.0391081
377	229	39	35	0.0390892
223	55	28	28	0.0390043
47	163	119	57	0.0390015
214	7	75	117	0.0389792
336	236	58	53	0.0389743
245	8	72	49	0.0389467
393	277	31	58	0.0389414
280	36	35	87	0.0389083
301	185	43	39	0.038816
274	157	54	57	0.0387579
349	241	35	35	0.038746
96	82	81	49	0.0387318
321	1	43	43	0.03873
187	249	42	143	0.0386422
317	239	76	41	0.0386059
247	1	55	89	0.0385343
221	58	32	22	0.0385307
385	57	35	17	0.038524
311	1	87	33	0.0384902
1	14	36	24	0.0384669
355	206	69	57	0.0384484
349	277	75	33	0.0384071
389	313	35	20	0.038391
185	344	68	48	0.038359
353	236	17	55	0.0382805
1	121	181	148	0.038242
73	223	121	57	0.0382302
177	229	40	52	0.0382113
273	262	151	82	0.0381902
357	1	32	22	0.0381078
143	223	115	169	0.038038
191	289	53	103	0.0379984
325	106	84	45	0.0379973
298	236	102	59	0.0379796
129	96	181	68	0.0379513
361	59	55	17	0.0379208
151	97	153	79	0.0379039
252	15	135	58	0.0378661
261	176	139	212	0.0378432
196	76	130	157	0.0378263
295	177	47	64	0.0377576
225	29	39	39	0.037721
250	27	52	40	0.0376647
266	68	93	53	0.0376482
139	34	111	73	0.0375912
43	16	66	205	0.0375777
96	200	67	37	0.0375765
1	1	40	22	0.0375758
199	344	24	48	0.037489
375	106	32	87	0.0374713
251	26	53	53	0.037443
361	46	44	33	0.0374176
335	41	70	54	0.0373956
16	83	161	105	0.0373921
235	103	31	31	0.0373523
73	341	159	51	0.0373129
359	1	47	131	0.0372715
148	141	65	139	0.0372528
276	156	43	38	0.0372247
1	226	17	40	0.0372196
1	229	28	28	0.0372196
130	75	144	75	0.0371955
358	275	63	40	0.0371521
376	235	25	28	0.0370961
94	72	75	59	0.0369846
1	1	30	44	0.0369201
399	295	25	34	0.0369121
201	103	74	32	0.0368961
245	1	21	45	0.0368844
280	7	51	25	0.0367949
371	57	53	114	0.0367913
88	162	82	219	0.0367879
346	59	55	17	0.0367875
203	258	76	134	0.0367833
191	325	54	67	0.0367825
261	39	50	19	0.0367659
54	143	272	173	0.0367469
190	325	105	67	0.0366886
290	66	77	146	0.0366703
316	58	60	60	0.0366095
90	200	74	70	0.0365496
396	57	24	44	0.0365137
269	6	17	40	0.0364756
293	58	86	29	0.0364285
346	251	53	43	0.0364073
389	308	35	22	0.0363874
169	223	94	88	0.0363604
351	262	49	24	0.0362947
109	207	55	42	0.0362905
181	26	97	43	0.0362874
51	163	142	213	0.036275
161	143	40	24	0.0362416
106	223	124	169	0.0362368
316	231	55	19	0.0362254
96	20	163	105	0.0362022
145	124	182	63	0.0360911
368	1	20	36	0.0360847
361	1	28	28	0.0360847
224	76	95	157	0.0360801
226	58	25	34	0.036032
301	1	31	35	0.0360217
276	156	48	48	0.0360103
1	1	21	45	0.0360095
375	105	49	72	0.0359333
387	56	37	77	0.0359223
228	75	57	22	0.0359133
98	205	51	23	0.0358982
83	55	114	100	0.0358929
256	13	34	31	0.0358736
196	87	131	108	0.0357989
322	1	72	69	0.0357899
309	243	86	31	0.0357643
98	163	102	51	0.0357617
276	13	80	132	0.0357344
128	58	139	97	0.035575
56	11	82	31	0.0355482
274	157	52	77	0.0355409
396	29	24	44	0.0354925
254	1	28	36	0.0354628
285	41	36	92	0.0354472
177	222	24	57	0.0353229
1	221	22	36	0.0353111
355	244	69	72	0.035275
346	159	45	21	0.0352443
166	325	75	67	0.0351856
377	244	44	26	0.0351702
385	26	39	53	0.0351688
150	19	136	51	0.035152
261	157	60	24	0.0350996
258	33	27	57	0.0350398
348	237	22	48	0.0350381
225	76	101	209	0.0350052
56	163	111	104	0.0349809
96	207	67	37	0.0349598
187	265	60	127	0.0348882
97	191	66	29	0.0348723
346	235	47	90	0.0348672
311	79	98	58	0.0348419
225	59	36	28	0.0347936
326	56	54	68	0.0347554
340	1	37	80	0.0347374
211	1	33	66	0.0346957
101	171	48	43	0.0346635
337	37	39	43	0.0346499
318	244	81	58	0.0346348
376	235	37	28	0.0346125
221	1	51	111	0.034589
65	163	100	190	0.0345769
368	37	56	42	0.0345752
236	61	24	36	0.0345589
176	180	229	174	0.0345205
103	154	269	95	0.0344398
378	277	22	36	0.0344295
336	26	43	53	0.0344273
288	156	38	87	0.0343868
321	220	49	30	0.0343853
286	185	58	38	0.03437
385	286	39	48	0.034366
231	33	26	36	0.0343538
377	13	47	33	0.0343495
109	205	41	52	0.0342622
227	236	197	119	0.0341988
281	1	19	55	0.0341386
365	105	43	35	0.0341336
97	200	81	50	0.0341291
324	1	29	66	0.0341104
233	97	92	132	0.034104
329	189	95	157	0.0340016
297	239	99	43	0.0339253
256	43	28	28	0.0339224
256	102	64	78	0.0339189
255	109	71	84	0.033888
159	34	87	129	0.0338624
397	316	27	25	0.0338447
97	163	128	57	0.0338427
239	157	103	67	0.0338274
161	142	49	33	0.0336037
371	23	49	111	0.0335876
249	91	40	24	0.0335724
90	199	76	46	0.0335673
1	216	17	45	0.0335604
171	58	144	224	0.0335214
334	52	55	90	0.0335183
367	262	34	25	0.0334843
371	56	53	48	0.0334742
134	229	98	163	0.0334594
397	286	27	49	0.0334245
393	317	31	31	0.0333694
109	177	43	64	0.0333456
355	209	52	42	0.0333364
271	1	28	28	0.0332496
1	1	52	40	0.0332325
321	66	88	81	0.0332155
225	31	38	61	0.0331637
371	43	53	27	0.0331152
98	199	59	90	0.0331117
401	278	23	69	0.0331088
327	151	67	120	0.0330999
281	14	82	41	0.0330782
393	53	31	31	0.0330195
333	235	67	102	0.0329928
264	76	111	45	0.0329593
348	245	51	76	0.0329514
162	133	35	90	0.0329424
256	27	40	17	0.0329206
185	301	66	91	0.032898
61	33	82	36	0.0328715
229	27	57	165	0.0328682
316	235	55	21	0.0328507
307	20	51	139	0.0327953
257	41	43	39	0.0327844
205	103	121	124	0.0327777
148	151	255	72	0.0327606
14	148	157	73	0.0326457
368	107	44	111	0.0326079
98	59	171	73	0.0326066
243	87	84	165	0.0326027
395	14	25	60	0.0325898
109	207	55	26	0.0325509
357	249	43	39	0.0325456
346	1	45	17	0.032537
371	1	17	45	0.0325369
205	229	67	163	0.0325141
93	206	56	47	0.0325082
191	103	87	37	0.0324635
226	103	73	117	0.0323183
375	87	49	168	0.0322823
379	274	20	54	0.0322594
385	310	39	24	0.032241
318	235	83	92	0.0322392
385	316	39	24	0.0322254
280	1	34	28	0.0322249
376	221	24	44	0.0321906
393	266	31	97	0.0321815
150	343	99	49	0.0321515
253	156	76	47	0.0321503
381	55	43	19	0.0321492
361	106	49	27	0.0321322
380	274	25	54	0.0321301
269	51	36	24	0.0321106
365	14	59	24	0.0321092
230	1	43	68	0.0320906
249	1	24	44	0.0320243
355	244	28	31	0.0319881
292	156	36	39	0.031981
145	58	130	127	0.031955
346	155	45	19	0.0319056
105	188	60	25	0.0318763
324	1	33	97	0.0316398
166	289	73	103	0.0316388
401	317	23	36	0.0316123
347	236	37	67	0.0315888
174	8	86	249	0.0315874
175	231	17	50	0.0314993
231	76	54	27	0.0314976
340	94	66	42	0.0314536
340	243	61	86	0.0314485
101	166	66	37	0.0313933
71	315	159	77	0.03127
211	10	44	24	0.0312623
1	1	135	43	0.0312043
305	176	37	87	0.0311969
381	221	22	44	0.0311381
291	103	75	233	0.031138
365	53	59	168	0.0311271
316	251	87	37	0.0311111
405	276	19	55	0.0311026
325	208	40	64	0.0310548
141	142	78	250	0.0310048
329	221	43	31	0.0310037
1	163	191	204	0.0309983
229	103	38	49	0.0309919
271	58	107	37	0.0309672
244	96	83	96	0.0309372
1	1	24	54	0.0309287
231	76	93	132	0.0308635
276	25	55	21	0.0307769
321	235	49	27	0.0307707
385	304	39	27	0.0307668
273	34	103	61	0.0307389
137	109	96	45	0.0307234
371	1	35	82	0.0307197
98	96	35	92	0.0307036
211	1	28	28	0.0306565
281	157	63	108	0.030614
189	324	30	68	0.0306085
296	181	48	48	0.0305823
331	243	52	32	0.0305445
1	13	44	27	0.0305258
95	131	37	92	0.0304998
103	148	121	109	0.0304681
1	229	35	31	0.0304637
1	226	27	39	0.0304637
294	157	48	117	0.0304256
310	177	32	66	0.0303935
307	221	64	28	0.0303888
347	236	53	117	0.0303765
175	231	33	49	0.0301981
205	103	99	61	0.0301889
333	262	66	25	0.0301879
245	154	74	27	0.0301848
255	109	71	144	0.0301579
143	128	199	72	0.0301205
281	177	61	68	0.0300796
393	297	31	35	0.0300378
1	162	167	101	0.0299368
325	79	31	28	0.0298976
295	178	31	25	0.0298602
371	106	43	48	0.0298411
405	286	19	50	0.029823
70	200	93	73	0.0298112
277	179	68	45	0.0297994
389	309	35	31	0.0297671
409	316	15	45	0.0297411
176	205	33	74	0.0296774
60	1	105	41	0.0296762
176	201	49	80	0.0296628
53	8	83	213	0.0295839
267	235	139	57	0.0295763
229	31	33	44	0.0295567
371	100	53	33	0.0295467
357	1	31	35	0.0295349
393	31	31	49	0.0294752
313	185	20	36	0.029456
333	251	63	23	0.0294205
265	91	34	67	0.0293613
371	86	53	48	0.0293223
207	28	67	172	0.0292843
371	1	23	72	0.0292809
221	58	44	24	0.0292695
140	119	179	94	0.0292625
211	7	55	44	0.0292608
322	274	102	48	0.0292607
352	160	57	28	0.0292464
83	232	341	160	0.0292423
98	86	102	45	0.0292343
354	189	28	60	0.029203
261	27	45	15	0.0291883
142	151	28	31	0.0291781
321	208	103	46	0.0291655
271	165	55	36	0.0291502
33	198	159	81	0.0291471
346	267	55	19	0.0290993
203	28	67	74	0.0290279
187	32	63	164	0.0290048
176	226	77	55	0.0289778
397	310	27	25	0.0289766
259	45	26	36	0.028958
97	26	57	106	0.0289383
397	221	27	54	0.0289273
276	177	50	17	0.0289231
293	208	80	49	0.0289054
258	41	22	40	0.0288641
236	154	92	41	0.0288566
246	108	81	176	0.0287908
97	70	96	61	0.028787
379	276	33	39	0.0287794
139	145	31	31	0.0287658
232	103	75	72	0.0287168
376	216	33	54	0.0286417
334	29	43	68	0.0286257
175	208	230	81	0.0285398
355	241	44	92	0.0285131
145	95	129	91	0.028507
98	121	35	82	0.0285059
341	213	83	50	0.02843
364	33	60	68	0.0284275
219	110	87	101	0.0284153
143	265	281	127	0.0283383
190	305	164	87	0.028318
304	202	66	72	0.0282917
349	251	44	24	0.0282401
229	31	31	34	0.0282308
290	156	53	149	0.0281309
343	235	28	58	0.0281083
321	238	49	30	0.0280895
132	104	123	45	0.0280624
393	6	31	77	0.0280539
233	1	22	40	0.0280482
105	131	74	36	0.0280346
229	29	33	74	0.0280247
105	142	72	22	0.0279926
248	110	51	108	0.0279575
373	274	40	55	0.0279256
162	142	164	51	0.027893
371	57	53	19	0.0278707
329	276	95	73	0.0278642
330	235	69	129	0.0278308
183	314	36	78	0.0278181
1	228	21	48	0.0278157
152	154	24	69	0.0278083
268	143	58	85	0.027788
377	238	47	36	0.0277642
82	118	54	63	0.0277451
181	343	99	49	0.0277366
253	1	44	22	0.0277142
177	191	40	92	0.0277059
103	172	60	176	0.0276948
363	1	31	78	0.0276803
276	179	50	19	0.0276609
187	5	67	40	0.027595
326	36	53	58	0.0275811
385	73	39	24	0.0275538
101	142	157	68	0.0275366
238	86	81	193	0.027528
294	156	35	107	0.0275259
377	209	33	78	0.0275058
220	142	107	52	0.0274901
374	312	50	20	0.0274652
374	317	50	20	0.027451
379	274	28	31	0.0274469
334	226	31	25	0.0274468
176	253	92	139	0.0274142
143	173	22	32	0.0274098
153	1	66	34	0.0274048
92	174	60	29	0.0273996
240	1	25	66	0.0273583
291	124	44	61	0.0272724
247	157	97	97	0.0272461
196	123	131	96	0.0272427
264	154	78	81	0.0272417
310	181	33	44	0.0272404
151	86	123	67	0.027187
61	34	74	61	0.0271635
347	233	23	66	0.0271549
221	56	48	38	0.0271411
364	251	35	72	0.027013
261	1	44	33	0.0270117
364	1	24	44	0.0269674
376	53	48	17	0.0269308
213	76	103	242	0.02691
246	203	149	92	0.0268966
206	157	136	71	0.0268889
96	98	87	35	0.0268351
141	229	51	60	0.026833
322	77	61	90	0.0268109
375	66	31	107	0.0267744
340	236	30	49	0.0267623
5	84	172	71	0.0267622
313	151	95	63	0.0267598
186	103	90	55	0.0267523
270	51	45	25	0.026717
382	73	25	28	0.0266668
293	214	78	37	0.0266661
298	41	37	102	0.0266587
381	49	43	26	0.0266469
363	285	61	45	0.0266375
1	216	27	44	0.0266322
265	29	52	36	0.0265461
1	11	30	44	0.0265085
241	73	39	43	0.0265083
246	146	80	68	0.0264953
243	56	19	55	0.0264575
156	1	48	43	0.0264292
325	233	40	20	0.0263586
96	207	69	22	0.0263566
325	87	84	45	0.0263547
374	307	50	22	0.0263448
381	223	40	64	0.026337
349	241	24	36	0.0263258
371	161	22	40	0.0262872
205	87	101	114	0.0262823
321	131	92	36	0.0262777
204	153	139	239	0.0262714
344	237	26	36	0.026256
305	201	39	35	0.0262505
271	143	57	121	0.0262481
248	109	59	149	0.0262358
363	1	25	72	0.0262314
148	141	37	82	0.0262043
1	1	39	82	0.0261203
385	36	39	48	0.0261047
173	204	64	78	0.0260981
334	232	31	25	0.0260691
249	76	87	111	0.0260478
258	125	20	40	0.0260431
377	15	47	17	0.0260132
216	144	108	41	0.0259541
290	202	54	21	0.0259246
310	245	90	75	0.0259088
109	181	31	31	0.0258613
308	185	20	36	0.0258349
227	151	168	49	0.0258323
346	1	44	27	0.0258201
331	214	34	37	0.025815
343	238	28	28	0.0258129
155	231	37	72	0.0257919
1	1	29	66	0.0257882
187	97	120	80	0.025785
272	208	99	44	0.0257639
367	274	32	55	0.0257635
314	131	21	63	0.0257538
331	238	40	46	0.0257066
144	169	24	44	0.0257029
247	86	55	72	0.0256685
205	318	219	74	0.0256525
168	1	49	80	0.0256271
145	118	129	69	0.0256132
256	108	43	129	0.0256107
1	11	21	45	0.0255788
131	116	122	37	0.0255757
306	79	50	15	0.025562
301	236	92	37	0.0255582
277	156	44	24	0.0255502
291	131	105	55	0.0255333
261	178	81	58	0.0255277
237	97	37	74	0.0254927
304	214	66	54	0.0253925
316	239	55	19	0.0253894
350	236	35	87	0.0253537
205	97	70	44	0.0252913
253	11	41	92	0.0252772
176	301	96	91	0.0252685
96	162	130	118	0.025265
145	154	28	28	0.0252258
311	181	15	50	0.0252158
315	181	15	50	0.0252145
333	73	74	26	0.0251641
322	37	55	42	0.0251454
295	172	31	28	0.0251282
325	228	40	22	0.0250988
378	161	20	36	0.0250648
257	51	48	25	0.0250641
228	43	24	54	0.0250519
102	173	63	24	0.0250418
281	208	90	58	0.0250401
173	190	57	90	0.0250333
221	91	79	164	0.0250278
326	235	55	15	0.0250108
253	125	35	43	0.0249488
313	202	31	25	0.0248663
253	125	22	40	0.0247942
161	142	66	33	0.0247827
301	203	44	20	0.0247223
222	97	53	72	0.0246886
301	79	57	60	0.0246688
105	195	60	23	0.0246671
285	165	43	43	0.02463
334	234	49	76	0.0246259
244	58	67	107	0.0246049
399	67	25	28	0.024597
264	13	24	40	0.0245498
297	231	74	24	0.0245238
336	46	44	33	0.0245139
316	235	50	15	0.0245112
233	140	110	132	0.0245073
1	205	21	54	0.0245023
199	124	145	115	0.0244929
227	26	23	45	0.0244386
378	297	46	34	0.0244324
331	75	55	19	0.0243926
213	86	87	140	0.024391
245	143	74	60	0.024348
242	144	84	88	0.0243463
313	177	20	40	0.0243355
321	201	49	92	0.0243338
143	156	199	72	0.0243165
161	154	49	24	0.0243121
353	153	40	20	0.0242935
205	157	123	44	0.0242916
378	309	46	30	0.0242793
378	266	34	77	0.0242712
161	143	66	24	0.0242667
401	316	23	51	0.0242609
378	317	46	30	0.0242574
334	238	31	25	0.024255
385	316	39	38	0.0242548
333	71	91	33	0.0242327
365	277	35	35	0.0241996
368	154	56	63	0.0241989
209	103	65	90	0.0241888
327	79	30	58	0.024161
385	13	39	20	0.0241482
325	61	31	34	0.0241438
269	1	32	22	0.0240922
212	157	131	52	0.0240404
405	246	17	55	0.0240244
319	1	68	164	0.0240115
142	131	27	49	0.0240079
72	200	87	52	0.0239858
151	106	43	43	0.0239847
1	1	123	181	0.0239641
348	61	35	107	0.0239408
241	179	102	44	0.02392
97	108	40	24	0.023881
341	241	31	35	0.0238724
221	51	92	32	0.0238692
385	73	28	28	0.0238625
175	173	40	108	0.023856
161	136	48	48	0.0238167
301	235	70	27	0.0238084
301	177	39	39	0.023803
331	67	93	48	0.0238025
1	1	28	28	0.0237944
377	161	36	22	0.0237909
294	204	78	81	0.02379
356	211	50	23	0.0237813
339	275	60	28	0.023772
346	261	53	43	0.0237473
133	149	36	26	0.0236927
242	76	69	23	0.0236648
247	4	34	34	0.0236519
189	2	63	20	0.0236257
33	72	121	59	0.0236185
346	1	48	43	0.0235776
277	49	28	28	0.0235698
151	118	49	33	0.0235623
331	64	49	30	0.0235613
177	11	78	29	0.02356
30	174	135	45	0.0235563
279	141	64	177	0.0234804
253	7	36	73	0.0234657
159	57	109	145	0.0234617
370	111	33	54	0.0234581
95	86	15	45	0.0234405
238	87	61	112	0.0234143
345	151	40	24	0.0233476
393	316	31	49	0.023332
216	106	59	36	0.0233246
223	1	73	99	0.0233188
73	177	84	157	0.0232706
1	11	43	43	0.0232219
226	26	53	43	0.023201
353	208	40	20	0.0231996
157	21	40	22	0.0231772
356	86	53	48	0.0231704
393	46	31	43	0.0231321
235	29	33	86	0.0231175
341	231	31	72	0.0231132
268	157	72	63	0.023098
333	267	66	31	0.0230636
327	201	37	90	0.0230342
403	61	21	48	0.0230174
257	126	17	40	0.0229805
152	34	69	147	0.0229802
356	208	49	33	0.0229762
246	10	44	33	0.0229732
295	136	48	57	0.0229502
361	160	31	25	0.0229457
219	96	81	88	0.0229448
361	36	53	48	0.0229388
176	229	75	79	0.022921
325	238	40	20	0.0229186
269	11	17	55	0.0229164
373	1	17	55	0.0229018
54	277	175	115	0.0229017
1	174	191	129	0.0228895
373	274	28	37	0.0228841
241	85	49	30	0.0228713
332	190	57	24	0.0228659
377	161	17	45	0.0228585
373	161	32	24	0.0228514
323	1	66	21	0.0228493
312	177	21	66	0.0228214
145	151	34	112	0.0227999
271	203	114	72	0.0227851
326	236	58	48	0.0227818
10	102	168	54	0.0227802
209	1	17	45	0.0227605
305	190	38	55	0.0227308
353	213	40	22	0.0227138
202	143	126	72	0.0227127
244	1	28	28	0.0227095
358	274	54	54	0.0226784
147	285	117	107	0.022676
386	73	22	36	0.0226384
71	200	97	37	0.0225733
271	76	53	38	0.0225589
293	46	86	33	0.0225583
263	125	20	40	0.0225572
377	112	40	61	0.0225291
187	119	138	68	0.0225194
1	1	64	64	0.0224903
364	251	36	49	0.0224895
313	1	19	45	0.0224894
229	58	34	25	0.0224785
396	165	28	90	0.0224671
310	181	27	49	0.0224389
98	162	164	85	0.0224228
365	94	42	43	0.0224086
317	238	66	37	0.0224053
161	143	50	21	0.0223811
216	96	58	58	0.0223666
323	200	71	192	0.0222959
97	86	17	45	0.0222784
351	274	49	33	0.0222642
313	141	30	54	0.0222545
369	151	44	67	0.0222522
167	1	50	129	0.0222457
253	164	74	33	0.0222439
285	177	43	35	0.0222112
132	69	88	81	0.0222067
29	1	40	22	0.0221913
205	1	17	45	0.0221592
353	201	43	43	0.0221265
225	45	39	35	0.0221234
322	91	84	133	0.0221166
1	1	82	37	0.0221055
286	193	58	32	0.0220855
143	167	223	112	0.0220703
294	79	63	24	0.0220623
333	61	31	35	0.0220575
161	133	64	43	0.0220311
381	236	43	53	0.0220003
325	221	47	39	0.0219997
310	216	90	153	0.0219975
288	165	20	32	0.0218885
241	118	34	25	0.0218696
1	14	24	57	0.0218335
191	155	181	101	0.0217995
1	229	52	28	0.0217981
1	221	26	54	0.0217981
1	226	43	38	0.021798
202	325	25	31	0.0217911
196	325	25	31	0.0217902
203	316	15	40	0.0217889
166	1	67	99	0.0217613
26	297	205	95	0.0217585
346	275	55	21	0.0217583
365	274	36	28	0.0217458
307	235	64	38	0.0217338
366	276	48	43	0.0217329
339	235	47	90	0.0217314
291	121	36	61	0.0217179
363	311	61	23	0.0216585
1	13	36	52	0.0216567
339	272	60	21	0.0216458
363	317	61	23	0.0216388
325	221	40	24	0.0216121
1	200	157	71	0.021602
1	205	191	85	0.0215534
253	125	35	31	0.0215348
247	71	30	44	0.021497
355	286	69	52	0.0214811
385	296	39	48	0.021476
226	125	50	21	0.0214622
271	184	127	136	0.0214262
365	161	32	24	0.0213893
215	117	60	23	0.0213892
228	8	23	69	0.0213712
161	135	66	32	0.0213574
247	76	57	120	0.0213137
159	73	118	91	0.0213089
263	222	136	86	0.0213088
376	213	22	40	0.0212868
353	261	43	31	0.0212771
281	49	24	36	0.021249
349	237	24	32	0.0212488
329	237	43	35	0.0212418
337	223	34	28	0.0211908
302	202	68	111	0.0211893
309	127	28	67	0.0211835
291	222	82	36	0.0211433
304	181	24	49	0.0211378
336	1	57	25	0.0211335
376	73	48	27	0.0211311
145	142	114	43	0.0211238
334	216	30	49	0.0211183
333	69	40	26	0.021103
241	79	40	24	0.0210911
227	213	168	61	0.0210649
1	1	81	49	0.0210615
253	41	39	39	0.0210376
352	190	25	37	0.0210342
176	203	194	77	0.0210267
200	94	74	68	0.0210092
369	161	35	39	0.0209943
381	266	19	40	0.0209638
171	97	107	40	0.0209589
177	231	40	72	0.0209393
1	14	66	25	0.0209387
243	157	118	154	0.0209373
325	201	17	45	0.0209318
205	333	32	22	0.0209104
274	179	52	30	0.0208899
368	251	31	122	0.0208794
247	85	34	31	0.0208671
229	19	44	24	0.0208499
69	223	124	140	0.0208108
373	229	51	38	0.0207829
310	201	33	44	0.02078
151	36	66	24	0.0207258
377	157	32	61	0.0207123
396	41	24	36	0.0207012
166	87	108	55	0.020634
176	337	40	17	0.0206334
199	316	17	40	0.0206326
205	316	17	40	0.0206315
381	229	24	40	0.0206292
358	211	34	28	0.0206106
333	73	76	41	0.0205884
247	66	21	45	0.0205784
72	71	181	61	0.0205577
96	184	44	27	0.0205222
272	214	111	42	0.02052
385	69	39	43	0.0204868
367	265	45	84	0.0204765
357	261	43	39	0.0204661
271	217	129	72	0.0204563
253	6	19	40	0.0204524
245	125	31	43	0.0204233
109	207	39	93	0.0203983
290	71	67	67	0.0203831
310	191	33	44	0.0203729
262	125	65	185	0.0203727
211	109	64	40	0.0203722
301	177	71	172	0.020357
339	112	63	24	0.0202839
381	251	19	55	0.0202724
1	216	43	43	0.0202598
1	229	32	52	0.0202597
276	178	54	24	0.0202218
377	265	29	86	0.0202147
145	112	130	115	0.0201998
363	304	61	27	0.0201855
199	133	144	153	0.0201583
293	165	20	32	0.0201538
228	178	139	68	0.0200959
263	136	80	194	0.0200927
176	206	71	96	0.0200862
163	141	41	52	0.0200708
190	176	186	73	0.0200705
226	119	49	36	0.0200645
307	177	21	66	0.0200625
256	106	58	53	0.0200227
214	87	61	112	0.0200087
231	97	37	74	0.020004
341	283	83	46	0.0199994
286	203	58	30	0.0199896
375	206	17	45	0.0199895
151	117	138	47	0.0199781
307	57	49	38	0.0199667
134	249	146	143	0.0199666
306	261	97	33	0.0199379
193	96	84	49	0.0199203
334	67	25	28	0.01991
353	154	64	47	0.0198814
316	237	50	17	0.0198655
229	118	48	24	0.0198647
293	157	46	70	0.019863
153	143	80	43	0.0198614
190	328	28	28	0.019849
347	61	40	61	0.0198137
331	79	28	34	0.0198022
205	328	28	28	0.0197996
248	125	41	52	0.019782
163	113	20	40	0.0197751
311	79	49	33	0.0197746
316	216	53	48	0.0197457
247	124	28	37	0.0197298
176	206	96	73	0.0197248
339	237	24	40	0.0196576
246	126	43	38	0.0196437
186	87	88	97	0.019635
149	124	70	27	0.0196311
297	156	70	31	0.0196093
87	205	61	84	0.0195887
197	329	32	26	0.019575
381	73	31	35	0.0195312
366	73	39	27	0.0195285
101	183	45	20	0.019499
365	213	39	43	0.0194397
283	247	141	57	0.0194066
346	271	53	53	0.0193603
228	178	114	56	0.0193569
351	46	49	30	0.0193397
238	125	55	40	0.0193318
14	1	26	36	0.0193267
266	141	53	53	0.0192331
226	119	50	17	0.0192238
211	75	63	143	0.0192226
249	101	57	84	0.0192149
13	1	28	28	0.0192021
313	193	31	34	0.0191454
289	79	70	33	0.0191058
176	229	71	125	0.019095
408	61	16	55	0.0190793
150	325	121	67	0.0190609
176	176	71	103	0.0190412
318	262	81	52	0.0190397
291	232	82	35	0.0190327
247	76	31	28	0.0190314
295	163	31	34	0.0190287
226	21	40	17	0.0189881
161	124	64	43	0.0189859
281	51	36	22	0.0189692
344	235	21	57	0.0189516
226	21	55	21	0.0189195
225	97	43	43	0.0189037
371	265	29	86	0.0189022
1	229	26	62	0.0188942
255	124	28	55	0.0188878
289	176	40	24	0.0188385
181	333	36	22	0.0188338
341	236	32	24	0.0188184
385	317	39	52	0.0188118
385	68	39	24	0.0188091
201	96	74	88	0.0187764
276	176	53	38	0.0187473
261	171	66	24	0.0187442
169	1	38	64	0.0187246
377	161	35	35	0.0187233
161	113	132	41	0.0186865
268	55	25	28	0.0186777
281	23	50	15	0.0186691
319	203	51	139	0.0186669
233	124	67	68	0.0186072
277	163	31	28	0.0185845
329	211	41	77	0.0185826
298	53	61	90	0.0185788
291	161	15	45	0.0185778
30	1	51	21	0.018498
272	230	111	45	0.0184919
276	185	50	21	0.0184827
169	36	40	24	0.0184744
151	133	102	46	0.0184174
285	173	44	20	0.0184164
289	181	39	39	0.0184159
145	166	33	54	0.0184
357	261	40	22	0.0183994
352	202	37	25	0.0183916
209	110	63	23	0.018376
208	56	67	214	0.0183715
410	246	13	55	0.0183345
186	76	99	142	0.0183285
193	13	28	31	0.0183103
376	237	48	17	0.0183057
151	118	44	27	0.0182371
376	220	28	34	0.018235
300	68	57	26	0.01819
232	124	63	54	0.0181415
161	124	138	39	0.0181258
175	190	88	91	0.0180901
256	117	33	78	0.0180887
86	231	106	73	0.018083
181	97	86	33	0.0180817
269	43	32	20	0.0180778
276	163	49	33	0.0180736
229	109	47	39	0.0180585
145	142	114	71	0.018052
334	236	30	39	0.0180257
1	1	54	21	0.0180198
317	202	107	86	0.0180038
365	157	31	43	0.0179875
23	1	17	45	0.0179703
231	96	41	92	0.0179675
163	106	15	50	0.0179515
265	109	40	26	0.0179203
1	13	51	51	0.0178779
1	14	64	37	0.0178778
217	123	84	53	0.0178654
201	337	45	17	0.0178519
306	79	91	68	0.0178326
373	73	35	35	0.0178307
278	177	99	179	0.0178088
273	1	19	45	0.0178062
397	296	27	49	0.0178024
149	105	109	74	0.0177912
110	229	84	97	0.0177819
316	141	24	44	0.0177721
370	71	54	34	0.017757
145	133	118	124	0.0177258
279	157	85	189	0.0177237
204	309	19	45	0.0177112
294	160	77	232	0.0176957
337	66	36	24	0.0176945
237	1	32	24	0.0176848
256	157	50	17	0.0176795
1	205	41	52	0.0176755
1	221	41	52	0.0176754
310	179	36	120	0.017671
258	177	101	92	0.0176611
266	165	40	21	0.0176575
351	154	44	30	0.0176391
363	313	61	35	0.0176268
1	1	79	79	0.0176222
176	12	112	37	0.0176079
168	33	51	64	0.0176028
289	178	38	55	0.0175808
356	73	50	21	0.0175803
196	110	82	36	0.0175773
51	173	117	37	0.0175741
160	121	25	28	0.0175698
363	100	51	33	0.0175516
230	95	44	117	0.0175326
162	142	72	52	0.0175163
385	5	39	39	0.0174793
249	117	25	62	0.0174526
151	35	67	38	0.0174483
208	90	64	81	0.0174319
27	1	15	45	0.0174311
274	77	54	20	0.0174257
379	251	17	55	0.0174219
257	177	82	31	0.017401
103	103	34	28	0.0173755
193	73	82	120	0.0173754
319	201	24	44	0.0173544
356	261	43	80	0.0173457
1	206	149	53	0.0173337
269	26	48	22	0.0173331
206	97	55	21	0.0173329
1	1	62	96	0.0172888
366	157	24	40	0.0172769
293	41	31	39	0.0172243
393	295	31	58	0.017223
96	146	53	43	0.0172064
278	45	22	40	0.0171614
272	221	111	44	0.0171502
394	53	26	40	0.0171482
253	88	28	28	0.0171425
380	295	44	57	0.0171353
97	151	28	31	0.0170602
325	69	32	26	0.0170525
199	59	69	172	0.0170473
257	121	43	88	0.0170277
367	161	46	44	0.0170162
401	309	23	32	0.0169746
363	296	61	43	0.016958
142	171	24	49	0.0169172
258	117	49	132	0.016909
238	87	57	181	0.0169068
197	309	20	45	0.0168899
205	316	27	39	0.0168897
190	316	27	39	0.0168883
181	325	35	31	0.0168883
186	328	39	27	0.0168875
291	141	50	21	0.0167471
388	187	25	31	0.0167368
309	237	54	20	0.0167352
336	61	58	53	0.0167337
341	262	49	24	0.0167028
257	53	36	20	0.0166953
176	228	194	58	0.016683
353	239	40	24	0.0166288
100	181	28	31	0.016614
4	94	106	82	0.0166011
353	313	71	29	0.0165594
363	318	61	39	0.0165514
296	201	48	53	0.0165012
353	294	71	35	0.0164776
377	233	36	20	0.0164396
216	76	51	132	0.0163825
365	286	59	25	0.016372
256	190	87	37	0.0163512
26	26	111	78	0.0163457
373	105	51	42	0.0162708
61	106	49	27	0.0162651
226	118	48	57	0.0162589
125	210	67	139	0.0162485
349	176	23	51	0.0162425
173	343	44	20	0.0161941
181	333	35	31	0.0161939
181	341	35	31	0.0161938
241	73	72	49	0.0161697
295	161	15	45	0.0160898
353	305	71	30	0.0160784
1	196	33	67	0.0160773
1	223	64	35	0.0160773
357	259	42	58	0.0160677
313	62	63	24	0.0160597
296	185	45	21	0.0160575
97	163	31	28	0.0160203
311	64	49	30	0.0159952
196	85	72	69	0.0159884
10	1	30	44	0.015985
153	153	82	25	0.0159709
326	225	45	21	0.0159685
266	194	77	37	0.0159058
208	31	34	34	0.015898
363	67	61	55	0.0158369
355	262	28	25	0.0157732
256	168	72	35	0.0157455
163	121	28	28	0.0157207
229	170	114	49	0.015686
261	170	72	43	0.0156858
29	1	21	45	0.0156383
145	161	32	74	0.0156362
161	159	50	17	0.0156202
160	231	33	49	0.0156174
1	229	41	60	0.0155973
1	229	51	51	0.0155972
96	177	55	21	0.0155666
285	204	60	45	0.0155542
328	208	42	153	0.0155509
154	1	66	23	0.0155251
253	111	37	97	0.015516
1	1	47	124	0.0154909
169	33	39	35	0.0154827
310	216	61	94	0.0154786
153	128	92	66	0.0154675
237	126	40	24	0.0154466
197	317	31	39	0.0154206
173	348	44	24	0.0154197
202	311	24	44	0.0154197
181	345	35	35	0.0154194
166	348	51	19	0.0154188
251	177	92	40	0.0153965
359	191	21	50	0.0153926
211	97	49	33	0.0153918
275	1	21	55	0.0153793
353	262	38	43	0.0153146
187	190	203	66	0.0153133
385	66	33	54	0.0153122
351	176	15	55	0.0152896
169	21	41	87	0.0152653
133	148	36	20	0.0152426
370	223	25	28	0.0151941
153	134	83	79	0.015176
380	318	44	61	0.0151464
331	189	45	17	0.0151422
1	228	64	39	0.0151409
262	137	45	76	0.0151056
399	66	25	49	0.0150999
357	111	44	24	0.0150655
105	149	40	26	0.0150394
95	79	26	52	0.0150304
87	79	26	52	0.0150303
1	1	66	33	0.014994
114	1	51	23	0.0149694
103	86	15	45	0.0149634
241	109	34	34	0.0149403
1	12	134	49	0.0149396
358	73	49	32	0.0148152
166	36	48	38	0.0148013
173	334	44	24	0.0147863
201	328	44	27	0.0147654
176	328	44	27	0.0147629
229	67	34	31	0.0147032
1	12	82	32	0.0146878
291	157	54	27	0.0146747
287	163	21	48	0.0146433
151	86	64	74	0.0145852
153	118	94	49	0.0145824
97	82	32	49	0.0144703
296	189	45	19	0.0144591
141	209	22	36	0.0144563
162	101	20	54	0.0144382
156	75	102	40	0.0143667
254	152	54	23	0.0143156
266	203	77	35	0.0142967
336	191	45	21	0.0142283
366	285	55	21	0.0141922
163	339	54	18	0.0141528
166	332	51	23	0.0141523
338	261	67	81	0.0141415
286	179	55	21	0.0140512
280	161	27	44	0.0140193
289	163	31	34	0.0140068
277	157	31	28	0.0139873
277	138	23	60	0.0139842
274	141	27	44	0.0139733
166	21	33	82	0.0139624
79	79	30	52	0.013944
256	81	22	40	0.0139282
256	146	53	48	0.0139186
1	226	33	77	0.0138968
306	76	54	30	0.0138736
160	146	51	23	0.0138686
331	184	49	30	0.013809
337	177	39	43	0.0137618
213	124	80	41	0.0137608
371	206	15	45	0.0137599
301	178	28	37	0.0137439
190	73	63	69	0.0137278
28	1	30	44	0.0137196
346	37	31	31	0.0136466
256	154	59	24	0.0136293
382	71	24	44	0.0135928
28	1	55	32	0.0135839
377	238	36	20	0.0135823
1	229	82	29	0.0135196
98	89	20	40	0.0135023
88	89	20	40	0.0135023
93	89	20	40	0.0135022
235	118	31	25	0.0134869
381	286	43	24	0.0134421
51	183	107	37	0.0134317
254	164	54	19	0.0134311
384	72	21	57	0.0133932
126	149	45	17	0.0133832
367	261	15	45	0.0133741
158	34	64	75	0.0133423
159	95	19	60	0.0133421
319	201	31	82	0.0132995
153	154	80	41	0.0132584
295	121	30	54	0.013193
29	1	28	58	0.013177
321	172	49	33	0.0131715
256	157	59	27	0.0131475
399	37	25	28	0.0131331
20	46	90	131	0.0131141
175	21	41	112	0.0131006
241	39	61	34	0.0129212
217	28	28	28	0.0129211
161	151	45	15	0.0129103
261	163	49	27	0.0128963
183	75	63	24	0.0128629
103	121	24	36	0.012831
1	176	33	82	0.0128143
156	25	45	17	0.0127743
158	61	93	52	0.0127412
24	1	19	72	0.0126884
29	1	22	69	0.0126884
365	66	59	25	0.0126679
211	33	45	19	0.0126617
364	37	25	31	0.0126016
358	37	25	31	0.0126014
349	261	36	22	0.0125859
98	102	57	23	0.0125142
388	181	20	36	0.012464
365	196	19	55	0.0124582
250	134	58	85	0.0124581
370	291	54	74	0.0124309
61	15	61	28	0.0124248
409	26	15	40	0.0124103
348	121	20	40	0.0122773
365	65	43	43	0.0121923
346	267	45	15	0.0121909
373	211	31	34	0.0120983
156	1	24	36	0.0120288
141	170	24	66	0.0120109
17	1	22	72	0.0118872
331	79	44	33	0.0118775
356	201	24	40	0.0118121
22	1	24	44	0.0117849
403	29	21	36	0.0117504
307	73	32	70	0.0116268
97	103	40	22	0.0115069
281	25	49	33	0.0114377
385	211	19	55	0.0113334
341	256	49	27	0.0110607
161	153	50	17	0.0109458
61	33	61	36	0.0109043
405	241	19	50	0.0108435
181	21	50	19	0.0107698
216	17	24	40	0.0105754
401	249	21	40	0.010513
