1 1 900 835 
338 1 900 566 
1 1 236 379 
79 1 406 379 
143 531 343 594 
1 1 590 818 
1 1 210 201 
1 1 900 832 
543 1 900 824 
1 1 593 829 
567 1 900 832 
68 397 617 736 
1 1 601 830 
121 1 206 79 
1 737 900 835 
673 70 720 96 
1 1 154 143 
1 402 581 830 
536 1 900 818 
65 113 112 160 
18 193 145 238 
1 1 593 820 
139 529 320 597 
809 154 859 247 
1 406 784 831 
371 426 427 504 
48 593 124 671 
1 1 620 400 
1 1 599 417 
576 1 624 409 
567 504 617 626 
662 366 900 476 
1 1 601 435 
417 1 529 96 
798 635 900 831 
257 41 590 385 
1 397 900 835 
1 524 379 830 
661 168 814 287 
612 365 893 459 
1 406 784 830 
367 594 434 704 
1 1 900 818 
789 415 900 477 
504 1 900 832 
505 656 841 831 
789 422 900 474 
289 705 431 802 
411 117 432 137 
685 211 718 232 
1 386 432 817 
1 654 900 833 
1 397 900 832 
73 785 201 804 
881 50 900 88 
295 607 333 670 
513 737 623 832 
1 735 900 835 
265 542 339 666 
100 606 194 665 
200 382 585 427 
567 504 617 739 
209 384 591 502 
97 377 548 577 
18 1 590 463 
759 410 785 462 
321 658 430 798 
433 1 900 831 
62 693 134 787 
162 434 200 469 
129 425 387 543 
555 1 900 832 
231 1 601 386 
254 582 278 666 
641 480 751 816 
543 1 900 830 
142 424 581 824 
544 1 900 502 
800 209 900 315 
1 1 620 734 
63 695 152 757 
806 288 850 367 
1 193 591 502 
621 1 900 400 
193 539 224 560 
738 274 783 335 
505 656 841 832 
82 705 240 771 
209 576 275 596 
780 493 808 530 
501 793 530 831 
318 158 342 207 
1 1 900 831 
1 1 233 235 
1 1 236 237 
1 382 900 835 
57 529 108 640 
589 1 615 255 
433 559 598 828 
200 1 620 399 
1 191 304 815 
1 1 593 399 
669 137 802 219 
1 667 32 722 
778 488 900 530 
1 406 204 750 
768 543 900 584 
114 72 167 130 
53 41 120 96 
1 1 412 400 
307 576 345 654 
753 656 845 825 
1 1 288 818 
1 191 577 829 
33 406 204 676 
1 241 145 432 
73 98 107 133 
220 1 422 382 
704 267 798 304 
856 63 890 136 
656 43 752 99 
208 571 283 666 
19 193 138 224 
113 305 160 388 
587 423 804 817 
99 804 208 827 
68 63 98 86 
654 1 746 47 
621 194 900 400 
607 1 900 389 
209 737 479 817 
3 708 37 754 
593 49 624 400 
433 262 751 831 
754 1 866 208 
130 776 208 802 
1 754 900 835 
133 1 179 34 
1 1 599 414 
225 501 434 802 
620 259 718 391 
803 8 900 223 
1 720 900 833 
30 33 145 127 
656 138 764 235 
432 1 544 51 
193 512 363 542 
656 130 799 262 
39 1 412 379 
1 529 364 817 
803 1 900 223 
1 1 600 417 
838 688 900 821 
104 601 276 666 
650 26 704 48 
607 773 793 826 
239 582 278 666 
258 529 320 560 
352 431 416 463 
329 608 362 656 
524 405 622 673 
319 1 338 129 
579 514 622 673 
546 93 601 389 
656 393 745 413 
101 596 277 671 
1 1 278 236 
1 238 145 434 
844 28 900 155 
1 286 37 314 
849 679 900 767 
816 1 842 34 
785 208 900 315 
585 1 900 832 
772 1 866 194 
730 366 900 576 
32 45 208 284 
1 425 900 832 
289 501 434 802 
200 1 601 427 
143 526 343 594 
776 488 900 530 
49 191 180 284 
28 209 133 243 
669 136 802 235 
813 650 846 764 
544 1 900 830 
1 193 432 817 
657 154 859 293 
72 1 98 30 
547 1 672 400 
94 530 160 596 
1 227 288 818 
1 720 900 835 
1 408 203 748 
544 1 615 255 
736 369 900 582 
1 1 412 545 
185 754 463 828 
136 206 180 258 
82 582 282 700 
513 750 596 832 
1 554 376 830 
1 377 577 829 
689 136 781 160 
1 385 180 816 
271 529 320 597 
661 377 787 464 
137 542 368 666 
567 405 617 739 
801 178 900 352 
433 262 718 831 
865 77 900 118 
639 432 722 584 
1 565 93 722 
791 636 860 765 
416 1 530 96 
310 491 445 824 
1 378 745 831 
1 193 591 817 
804 395 900 414 
601 1 900 389 
1 1 784 831 
1 555 360 830 
722 359 900 830 
667 129 790 224 
544 1 759 750 
545 1 900 826 
66 259 464 420 
643 386 900 830 
577 655 841 831 
168 422 200 469 
543 1 759 750 
150 529 368 600 
574 404 596 501 
845 513 900 535 
209 605 275 658 
288 106 362 255 
626 435 808 818 
736 442 900 645 
1 202 183 378 
358 7 416 111 
63 112 96 144 
697 137 779 159 
1 229 176 390 
1 377 220 545 
615 1 900 400 
656 137 814 293 
627 256 720 384 
129 782 208 825 
626 435 751 818 
836 512 900 536 
110 405 578 569 
683 212 721 235 
511 664 641 831 
200 1 620 427 
663 1 785 70 
58 555 141 667 
289 511 434 802 
797 629 900 655 
524 406 601 556 
205 274 266 373 
569 256 591 386 
241 432 352 465 
223 382 317 414 
241 431 416 465 
281 557 352 602 
1 204 104 295 
674 203 699 231 
689 245 801 265 
667 145 799 231 
330 573 364 613 
433 384 556 428 
1 55 191 236 
220 717 286 743 
104 602 282 676 
240 423 336 463 
256 224 305 289 
589 744 641 779 
674 264 719 293 
582 1 620 393 
240 432 352 466 
669 215 783 266 
692 161 793 194 
605 208 900 502 
546 1 900 401 
621 259 718 390 
1 406 379 830 
504 432 900 832 
596 401 668 512 
505 735 634 831 
588 424 735 816 
582 405 617 674 
112 382 900 832 
162 382 400 463 
49 1 435 378 
1 425 578 830 
257 1 900 566 
536 375 900 818 
1 406 204 716 
1 378 221 734 
585 1 900 521 
209 401 433 464 
639 382 900 827 
1 1 412 379 
1 1 216 201 
546 1 672 401 
577 1 900 832 
849 587 900 624 
191 1 601 435 
139 520 368 597 
574 397 617 677 
1 1 900 826 
82 571 287 703 
394 1 527 130 
672 140 793 219 
215 382 580 406 
513 383 668 512 
209 605 276 666 
802 1 900 162 
137 530 368 670 
130 763 280 793 
656 137 859 293 
1 241 137 389 
139 208 210 289 
593 262 624 400 
23 609 107 685 
273 538 368 663 
1 1 166 143 
482 730 626 832 
583 1 608 302 
141 497 371 600 
1 377 220 404 
847 737 900 823 
129 640 282 676 
593 738 641 820 
850 692 900 820 
98 69 168 140 
516 397 602 517 
33 241 100 276 
249 1 589 386 
101 253 176 389 
231 716 272 735 
435 14 481 63 
783 370 900 427 
273 538 319 615 
576 308 604 388 
1 386 191 721 
579 529 598 677 
139 258 187 352 
729 672 854 827 
1 1 235 237 
566 607 606 720 
652 366 900 576 
104 557 276 666 
1 1 412 734 
695 208 805 239 
605 422 741 501 
225 1 601 386 
698 140 779 159 
312 659 344 710 
617 366 900 832 
295 586 344 670 
1 559 301 830 
1 210 31 289 
546 558 576 655 
576 98 604 298 
545 1 624 416 
1 654 900 835 
490 105 515 189 
746 403 805 570 
1 784 900 835 
593 125 616 225 
650 1 866 207 
851 737 900 816 
615 1 780 72 
305 545 368 570 
674 267 798 335 
577 541 626 730 
209 401 241 431 
596 259 718 416 
752 559 811 824 
97 432 584 816 
587 423 735 816 
810 512 897 547 
302 554 342 601 
1 379 586 435 
1 157 42 201 
29 426 182 675 
256 376 556 421 
672 272 752 337 
65 695 152 734 
289 736 386 802 
1 1 745 831 
1 1 257 246 
161 308 754 742 
851 737 880 815 
171 497 208 529 
555 1 608 396 
689 243 800 266 
125 422 200 545 
184 785 368 827 
607 423 751 818 
343 538 368 567 
722 369 900 672 
555 1 617 677 
434 24 464 64 
1 1 83 36 
722 433 747 496 
625 112 656 160 
779 499 896 551 
1 1 278 295 
1 1 601 545 
62 516 369 804 
775 1 900 271 
1 497 364 817 
583 1 608 298 
574 1 900 520 
608 378 665 400 
1 420 159 815 
140 546 166 592 
231 513 432 800 
68 529 279 736 
575 96 603 226 
545 1 592 96 
219 501 434 802 
80 774 207 804 
294 570 320 645 
141 497 430 798 
545 1 900 416 
839 506 900 536 
701 216 795 237 
553 397 617 686 
1 1 586 435 
685 211 802 256 
573 17 799 396 
132 1 590 385 
730 366 900 422 
328 626 430 798 
1 227 112 293 
368 625 432 704 
200 385 585 427 
652 129 858 304 
97 710 136 737 
840 646 900 695 
1 657 360 830 
29 619 63 675 
67 574 364 797 
97 385 246 577 
143 526 361 594 
209 384 479 433 
94 434 200 596 
605 1 900 390 
191 382 586 427 
555 320 601 396 
64 703 129 736 
560 673 584 703 
628 208 900 400 
655 1 738 45 
574 526 594 677 
585 319 745 521 
1 1 900 830 
593 125 612 225 
1 1 406 389 
352 111 386 183 
654 1 785 104 
150 529 320 594 
652 129 860 304 
239 599 275 633 
560 668 591 736 
722 366 900 830 
226 384 583 432 
699 435 900 645 
137 570 271 604 
1 1 418 734 
1 658 95 816 
1 497 432 817 
661 409 748 464 
778 371 900 476 
112 495 430 798 
231 1 592 386 
545 1 900 767 
577 366 900 832 
639 432 751 817 
865 321 900 351 
1 225 208 434 
1 1 137 143 
752 32 790 65 
650 1 752 53 
689 139 790 160 
258 1 412 277 
191 251 590 427 
67 749 278 794 
432 385 480 424 
137 570 278 666 
516 1 608 517 
347 1 547 199 
802 738 832 825 
154 45 195 86 
294 554 363 645 
1 402 204 753 
114 434 476 584 
1 1 278 197 
67 516 369 794 
24 80 96 128 
848 1 900 35 
281 560 321 593 
795 363 900 383 
93 670 278 705 
650 9 752 53 
601 433 784 818 
3 1 236 232 
801 635 900 672 
45 135 74 160 
96 401 241 577 
170 512 379 597 
209 392 480 464 
799 635 900 688 
799 635 900 695 
585 1 612 168 
1 670 46 748 
588 424 808 818 
656 1 864 193 
1 1 160 134 
746 403 900 576 
72 747 184 786 
1 408 598 831 
823 1 900 136 
807 735 834 799 
642 403 900 827 
1 1 253 400 
1 1 143 135 
286 521 320 542 
646 1 785 104 
1 157 37 192 
582 1 616 393 
84 777 307 828 
1 193 208 390 
265 542 368 666 
24 218 125 238 
798 635 900 740 
585 391 665 411 
543 1 592 98 
338 378 665 434 
113 287 134 320 
1 378 221 403 
289 549 362 593 
590 656 841 831 
598 403 745 497 
136 206 180 232 
673 262 799 336 
657 193 801 293 
1 1 160 160 
672 137 802 219 
62 524 379 828 
162 405 206 430 
650 9 752 65 
736 366 900 568 
1 305 127 377 
585 319 744 422 
779 499 900 552 
1 686 465 829 
835 650 860 765 
753 673 808 737 
90 1 117 60 
1 225 208 459 
18 193 145 242 
848 320 900 354 
261 542 363 721 
310 491 445 825 
112 416 719 832 
753 737 817 824 
663 139 707 219 
75 529 347 710 
112 401 159 420 
721 1 864 193 
209 402 433 464 
161 384 577 434 
15 227 112 293 
1 497 465 829 
755 369 900 498 
639 366 900 401 
753 581 900 640 
65 308 754 742 
1 425 598 831 
560 479 650 816 
209 561 274 593 
66 333 246 420 
1 420 282 815 
255 207 302 288 
210 800 305 823 
746 403 788 572 
736 435 767 617 
200 1 426 399 
573 96 606 396 
626 1 753 158 
593 743 641 820 
62 651 900 832 
614 33 640 70 
65 384 591 502 
501 735 634 831 
139 577 272 597 
768 547 900 584 
337 429 578 824 
62 636 900 832 
674 203 703 232 
582 228 607 393 
639 366 900 414 
848 778 900 823 
817 165 860 247 
1 1 414 400 
98 530 368 670 
544 1 900 272 
595 114 720 511 
71 1 107 24 
1 705 645 831 
97 779 144 801 
769 481 900 568 
129 289 166 336 
129 586 274 624 
791 629 900 649 
146 520 352 580 
208 538 368 666 
753 668 900 832 
597 395 719 422 
204 574 364 797 
25 323 111 344 
1 236 176 390 
1 792 900 834 
258 66 380 277 
827 1 900 128 
848 1 900 36 
121 1 155 39 
68 529 188 736 
753 1 846 190 
139 582 278 666 
639 432 722 736 
593 115 623 389 
575 405 602 517 
121 780 307 811 
225 1 592 386 
574 405 617 677 
1 418 172 648 
1 225 304 815 
615 1 766 132 
529 384 583 432 
582 513 617 674 
1 1 202 180 
338 259 900 566 
612 17 640 223 
1 1 211 200 
214 715 296 761 
721 216 795 236 
30 440 173 676 
595 395 719 511 
626 209 815 400 
205 1 414 385 
546 112 601 389 
813 157 847 222 
1 782 320 828 
1 779 144 826 
1 432 900 835 
149 433 577 814 
1 28 54 48 
17 386 112 417 
62 514 379 828 
482 730 641 832 
294 554 363 661 
104 570 278 666 
33 185 180 258 
851 737 896 815 
668 398 742 425 
693 164 802 207 
803 1 900 271 
672 161 816 265 
615 1 848 265 
1 227 145 379 
1 402 190 424 
795 1 866 194 
848 1 900 64 
768 543 795 577 
524 405 625 673 
789 433 900 474 
94 536 160 596 
786 153 841 238 
638 1 760 110 
122 495 225 549 
588 424 816 818 
394 1 524 130 
1 128 23 160 
574 679 599 704 
11 193 160 256 
1 225 304 459 
294 555 330 645 
1 733 645 831 
585 264 607 393 
576 385 668 514 
162 497 430 798 
130 1 215 79 
181 608 353 710 
28 67 132 169 
1 378 745 487 
17 81 77 130 
544 529 584 736 
786 274 846 309 
737 436 900 667 
777 498 900 566 
753 667 844 824 
1 662 58 753 
577 387 624 409 
1 402 376 830 
116 1 253 129 
669 242 719 293 
770 143 799 167 
605 1 900 391 
133 225 208 272 
149 432 582 820 
394 1 541 225 
791 667 844 824 
65 390 191 459 
840 646 900 767 
839 647 900 740 
723 1 748 32 
225 1 601 389 
851 75 900 166 
791 415 900 473 
545 49 591 95 
602 199 625 313 
139 208 209 289 
881 51 900 101 
736 363 900 389 
674 738 751 817 
871 96 900 154 
1 686 312 829 
597 113 622 331 
305 785 335 819 
546 529 582 655 
650 26 726 53 
317 635 362 739 
585 1 620 226 
780 637 816 656 
231 1 593 399 
218 507 379 803 
230 426 427 504 
338 376 556 421 
850 692 900 738 
757 11 786 70 
1 792 900 835 
271 173 344 300 
663 12 746 44 
752 1 866 208 
577 424 816 824 
257 1 590 385 
612 209 720 399 
114 435 187 549 
1 1 161 135 
607 423 742 524 
65 566 143 710 
626 193 815 400 
49 31 90 87 
337 433 578 824 
657 168 694 252 
802 433 880 472 
314 657 352 688 
257 225 304 288 
283 513 432 800 
842 516 900 536 
82 507 379 699 
638 1 785 110 
110 405 211 569 
603 61 625 201 
597 257 720 417 
722 389 760 448 
817 582 900 625 
639 366 900 693 
641 435 808 817 
610 636 632 666 
578 626 616 682 
167 225 208 256 
753 654 900 831 
358 37 396 111 
20 209 133 243 
823 1 900 68 
758 705 811 824 
242 434 351 463 
354 114 382 174 
114 465 159 534 
576 705 603 745 
800 650 836 670 
1 1 83 42 
96 782 320 828 
797 629 900 670 
1 241 134 320 
245 189 326 338 
137 530 368 666 
110 422 200 569 
200 1 601 399 
249 1 601 389 
254 542 368 666 
65 566 143 702 
817 582 900 626 
684 192 816 256 
273 662 344 735 
302 570 372 653 
65 384 246 432 
171 497 363 542 
656 138 859 293 
167 221 190 291 
150 314 242 379 
98 654 278 676 
243 269 304 343 
505 651 900 832 
817 660 846 689 
357 1 430 111 
146 530 211 580 
620 227 720 416 
555 300 604 396 
557 486 626 740 
511 720 624 831 
307 607 333 654 
122 596 272 666 
329 639 383 738 
752 64 802 159 
120 738 310 806 
1 501 900 835 
143 526 343 592 
248 392 480 431 
205 333 246 383 
641 432 804 817 
289 189 326 256 
601 1 755 119 
28 157 138 243 
607 433 671 524 
182 711 288 753 
840 35 880 68 
753 1 798 48 
1 193 754 817 
1 236 176 389 
1 402 205 734 
829 161 857 224 
798 372 900 414 
778 537 900 573 
62 577 109 647 
730 366 900 496 
585 319 744 430 
577 704 639 763 
209 384 583 434 
754 113 800 167 
210 754 463 828 
15 200 161 257 
200 297 586 427 
545 1 593 128 
124 434 200 550 
277 526 418 666 
585 1 612 118 
753 561 900 645 
104 603 275 666 
129 557 273 604 
840 1 900 136 
1 378 745 569 
193 507 363 530 
157 401 241 465 
18 224 556 463 
104 524 359 665 
226 742 544 828 
198 405 569 425 
271 528 320 597 
513 384 576 432 
371 627 430 654 
19 193 138 223 
681 162 847 270 
1 408 203 750 
699 403 900 693 
329 608 383 657 
81 1 412 378 
585 319 744 420 
598 433 784 818 
516 405 602 517 
705 129 796 166 
623 114 687 222 
209 389 367 463 
289 754 314 791 
211 1 257 28 
615 1 800 167 
68 529 184 719 
759 411 779 460 
753 551 900 656 
545 529 583 682 
225 507 352 529 
587 1 608 168 
289 737 312 775 
81 1 345 378 
1 146 73 247 
560 529 598 702 
823 1 900 128 
289 513 432 800 
1 433 577 829 
647 73 748 106 
145 571 352 721 
310 585 376 781 
321 657 351 688 
113 1 236 126 
615 773 641 824 
848 319 900 354 
768 543 900 582 
608 257 720 415 
692 129 860 247 
496 633 528 680 
754 50 846 164 
63 1 221 144 
62 713 290 817 
827 646 900 688 
143 529 208 589 
55 157 99 201 
791 415 900 472 
593 206 618 388 
315 593 364 737 
1 810 900 835 
307 28 411 245 
317 635 361 739 
803 1 900 272 
139 547 256 592 
10 144 80 195 
74 608 353 721 
582 228 606 301 
417 393 543 434 
289 513 434 802 
289 754 337 818 
86 662 273 704 
743 401 900 645 
734 391 762 422 
566 526 587 677 
191 376 586 427 
587 1 608 227 
1 202 190 378 
573 17 799 399 
614 17 707 256 
139 208 209 257 
727 27 754 62 
625 55 750 160 
743 386 900 645 
778 418 900 575 
1 1 205 192 
339 1 416 115 
793 1 900 71 
545 608 584 703 
347 539 371 599 
347 585 376 696 
1 21 65 40 
753 551 900 640 
416 1 449 32 
1 305 40 377 
433 262 668 512 
339 385 585 409 
208 754 314 817 
94 122 118 144 
209 737 479 819 
1 201 190 379 
369 625 433 688 
774 161 801 193 
512 735 548 793 
620 778 688 818 
688 164 802 209 
769 667 844 769 
62 574 364 797 
18 398 241 433 
98 282 134 320 
139 570 248 593 
561 664 610 750 
130 710 240 771 
562 1 759 750 
798 635 900 670 
1 82 137 231 
330 608 353 640 
588 30 608 119 
68 529 368 736 
673 141 799 176 
200 1 422 399 
139 714 240 772 
573 1 608 390 
18 259 556 463 
292 189 326 253 
18 193 48 217 
432 12 504 96 
290 97 364 239 
607 422 741 446 
692 159 787 194 
546 479 650 816 
701 140 779 159 
642 382 900 827 
193 571 283 664 
848 433 900 473 
68 534 176 708 
663 19 746 44 
664 321 900 462 
1 379 153 647 
585 391 745 433 
816 211 900 352 
620 208 900 416 
193 431 416 466 
170 507 379 597 
1 1 406 400 
1 695 28 734 
655 1 737 43 
144 1 211 67 
543 1 900 750 
674 192 703 232 
611 17 640 388 
1 420 160 584 
699 375 900 693 
204 777 307 809 
823 1 900 118 
639 432 722 735 
669 136 802 219 
838 688 900 822 
1 396 218 419 
305 501 418 564 
15 670 46 709 
527 750 583 807 
277 562 364 666 
557 1 900 745 
395 1 529 96 
124 469 169 550 
1 62 145 200 
577 1 624 409 
758 375 900 496 
722 216 784 236 
305 545 368 654 
743 422 900 830 
316 64 390 212 
650 28 790 65 
778 493 800 530 
605 1 900 693 
18 259 464 463 
1 1 258 231 
737 375 900 832 
545 529 584 736 
111 53 155 90 
715 273 736 304 
773 375 900 496 
553 397 600 487 
305 545 368 580 
626 480 751 816 
433 1 499 94 
880 581 900 608 
15 479 56 499 
1 202 202 379 
754 33 790 65 
615 17 640 65 
595 256 720 511 
416 1 532 98 
801 208 900 353 
30 39 128 127 
481 1 620 393 
753 548 900 640 
210 754 337 828 
1 641 95 815 
139 530 276 594 
737 436 799 667 
501 793 625 831 
1 191 210 293 
626 130 799 262 
67 708 304 794 
273 723 311 747 
73 780 307 811 
626 161 848 265 
815 159 860 247 
855 64 900 162 
623 112 709 224 
1 624 80 736 
159 422 200 492 
577 626 616 686 
86 1 179 78 
96 1 218 124 
598 432 784 825 
1 1 155 143 
161 380 668 514 
9 577 109 736 
284 529 361 559 
112 602 275 665 
588 424 816 824 
1 417 180 734 
261 569 363 721 
838 674 873 830 
482 384 513 407 
97 166 328 381 
62 703 129 760 
431 27 505 98 
11 200 161 257 
464 608 584 828 
789 418 900 474 
82 521 276 699 
838 651 900 830 
1 420 159 647 
1 697 62 827 
190 519 370 555 
795 363 900 416 
627 256 720 399 
115 540 163 621 
306 27 409 229 
801 385 821 416 
271 1 547 300 
572 1 594 117 
849 683 900 738 
432 16 465 96 
614 1 640 70 
611 114 640 384 
753 48 790 128 
849 663 900 740 
1 555 141 753 
11 220 80 254 
722 382 784 448 
504 652 900 832 
753 652 900 832 
790 415 900 477 
663 139 793 235 
593 545 643 816 
18 194 137 231 
49 529 101 623 
605 401 742 502 
650 42 752 64 
511 545 643 831 
713 211 789 236 
416 1 532 94 
641 480 673 544 
574 259 718 501 
612 376 760 404 
594 1 624 331 
544 529 622 742 
49 31 111 88 
63 724 86 757 
626 737 750 818 
865 77 886 112 
218 707 290 747 
75 574 335 710 
539 639 580 660 
148 461 179 509 
366 22 430 111 
673 48 790 143 
879 83 900 118 
600 1 900 393 
785 226 849 315 
207 641 279 669 
567 504 617 561 
582 513 617 625 
110 603 275 666 
672 137 795 219 
128 738 310 804 
317 691 336 739 
612 365 893 404 
794 688 816 710 
162 405 210 431 
557 486 595 740 
802 383 900 417 
567 504 617 674 
1 742 544 828 
117 521 189 630 
623 114 672 219 
730 366 808 411 
575 96 603 300 
65 779 144 823 
1 629 288 818 
59 563 111 627 
802 382 900 417 
229 1 593 399 
49 81 95 111 
561 705 585 742 
112 495 225 557 
66 259 464 463 
582 171 607 393 
1 241 145 379 
33 289 80 320 
110 397 617 686 
620 259 719 416 
49 529 287 703 
162 699 290 721 
800 274 850 367 
108 596 276 666 
598 435 718 814 
1 440 173 722 
17 70 86 130 
594 1 624 119 
657 1 724 30 
68 529 184 736 
104 600 276 666 
113 249 176 388 
433 384 583 432 
104 602 276 666 
49 690 129 736 
207 303 226 322 
150 416 588 679 
429 1 509 32 
643 422 900 830 
394 1 525 77 
792 161 864 272 
652 195 807 304 
368 625 432 657 
301 208 337 242 
639 432 722 800 
1 402 204 716 
66 267 548 417 
753 548 900 830 
33 286 113 320 
596 545 624 705 
585 245 607 393 
130 755 280 818 
167 227 206 254 
387 416 588 679 
1 782 337 828 
464 742 544 828 
585 113 745 521 
271 561 304 597 
1 204 135 287 
650 1 848 207 
582 235 602 301 
739 12 785 70 
34 200 145 238 
626 1 754 160 
59 59 86 90 
91 577 135 649 
135 194 178 232 
826 29 890 136 
95 558 191 666 
318 513 432 800 
712 1 866 208 
109 463 157 544 
594 403 799 825 
29 422 183 675 
641 480 690 584 
597 263 618 331 
656 1 752 51 
96 463 157 577 
1 21 65 50 
817 478 900 497 
297 566 364 663 
656 1 786 99 
865 765 900 816 
765 673 819 802 
34 242 102 292 
133 574 364 804 
178 507 368 608 
511 435 718 831 
136 226 177 258 
161 707 299 744 
672 77 721 97 
843 651 900 816 
800 236 866 315 
1 1 166 144 
1 305 145 379 
687 206 794 225 
191 382 580 427 
557 486 626 745 
692 161 811 215 
258 715 288 736 
567 504 617 551 
612 1 640 226 
791 711 831 824 
68 514 370 736 
757 376 787 459 
691 216 790 240 
13 236 49 289 
577 118 601 250 
161 594 274 625 
545 1 640 416 
49 200 159 284 
156 384 237 422 
650 42 729 65 
642 440 782 815 
545 506 591 742 
676 235 816 299 
67 710 288 786 
785 359 900 416 
1 784 900 833 
1 1 218 201 
575 96 603 251 
850 738 900 822 
795 689 816 710 
843 4 900 35 
193 507 430 666 
119 602 145 627 
433 262 668 673 
59 529 352 817 
195 780 307 811 
546 1 799 401 
845 1 900 27 
673 129 790 161 
656 543 751 816 
692 159 840 240 
585 228 607 393 
834 1 864 27 
605 426 673 501 
125 469 169 545 
1 102 100 200 
18 193 160 256 
779 499 900 576 
62 753 160 801 
593 120 616 225 
594 435 718 814 
303 554 363 600 
639 432 722 544 
577 171 601 250 
208 754 289 817 
193 507 430 798 
656 137 803 235 
784 517 900 552 
695 498 774 735 
122 596 276 666 
86 41 120 73 
1 377 220 403 
621 259 718 415 
612 33 672 256 
289 594 434 802 
813 157 832 191 
560 668 591 702 
765 500 900 623 
361 37 396 96 
780 493 806 529 
753 772 806 824 
139 556 274 594 
130 1 166 27 
737 273 784 336 
209 384 400 423 
64 39 128 98 
754 646 900 830 
621 1 640 48 
1 128 49 160 
674 198 794 232 
768 547 900 578 
125 405 211 545 
791 688 844 824 
191 251 590 435 
1 202 202 400 
241 425 545 466 
753 560 816 639 
48 624 80 657 
222 377 548 406 
98 435 187 576 
1 529 353 817 
42 81 77 112 
544 482 622 742 
1 1 221 193 
852 737 880 814 
353 112 385 177 
587 423 804 826 
817 319 900 353 
98 641 279 678 
617 668 830 831 
785 213 832 265 
177 226 207 255 
220 1 426 388 
1 236 137 379 
140 306 160 336 
146 516 369 580 
600 1 624 87 
576 482 607 550 
209 633 238 656 
623 114 667 225 
739 12 770 34 
722 369 900 767 
290 97 368 239 
796 1 866 194 
544 559 574 641 
673 58 784 143 
736 369 900 568 
1 39 119 160 
674 245 801 335 
573 96 624 396 
705 219 782 238 
305 545 368 577 
225 554 342 706 
28 204 135 233 
87 225 208 388 
639 432 722 543 
737 401 757 438 
352 425 545 466 
1 144 94 237 
489 1 529 25 
626 435 751 816 
65 662 288 786 
1 402 379 830 
54 587 104 669 
1 417 180 705 
129 425 578 824 
684 198 794 232 
1 529 288 753 
1 286 134 320 
582 177 607 393 
1 104 42 144 
222 1 601 389 
428 435 549 677 
110 478 164 569 
1 379 586 432 
294 593 319 650 
47 39 67 59 
480 777 513 816 
801 385 900 417 
113 258 187 388 
736 366 900 830 
99 801 208 827 
290 737 311 781 
650 27 754 76 
1 1 179 152 
801 638 900 720 
75 529 352 721 
385 513 432 592 
762 558 900 641 
355 115 382 174 
261 554 363 721 
341 511 434 736 
417 384 543 434 
800 50 831 96 
780 494 801 519 
617 637 900 832 
1 570 109 750 
257 225 288 280 
553 666 598 740 
1 49 86 112 
664 369 900 551 
785 363 900 416 
572 1 593 32 
795 66 848 176 
65 384 160 426 
547 1 623 389 
557 1 745 745 
815 159 856 246 
1 110 85 192 
600 314 655 393 
290 1 529 255 
760 369 814 415 
673 262 815 337 
842 513 900 536 
859 43 889 71 
3 144 94 232 
1 1 76 49 
672 129 790 195 
843 660 900 679 
156 384 223 422 
178 435 200 460 
773 461 900 496 
655 1 730 36 
308 738 465 816 
1 277 263 400 
723 403 900 827 
139 423 180 491 
827 1 900 48 
67 670 304 794 
139 201 208 271 
656 196 683 262 
161 601 276 666 
129 607 224 656 
681 225 707 256 
193 508 363 537 
560 673 584 736 
156 221 208 314 
662 9 720 33 
1 642 59 734 
601 1 773 201 
757 376 787 410 
133 226 159 255 
779 495 900 575 
769 115 822 193 
114 258 193 389 
82 516 369 699 
97 540 171 624 
1 697 63 828 
803 381 900 415 
341 511 434 658 
97 784 160 823 
753 593 830 640 
119 567 143 604 
227 719 288 742 
789 386 900 474 
778 493 810 528 
289 736 384 800 
779 526 816 551 
848 737 900 823 
780 495 801 520 
1 1 179 150 
312 579 363 646 
801 146 830 193 
433 1 529 94 
778 493 806 529 
98 596 282 679 
286 625 310 662 
94 538 160 604 
82 577 160 694 
654 33 760 104 
593 730 643 816 
736 366 815 462 
129 1 154 28 
802 1 900 71 
114 191 210 389 
71 11 97 33 
1 420 180 717 
460 251 590 389 
1 803 900 833 
24 219 117 238 
602 480 625 543 
769 115 832 193 
1 380 220 403 
803 385 900 415 
343 538 368 576 
3 117 117 232 
122 602 208 624 
18 193 208 284 
627 256 720 394 
162 516 226 535 
201 416 400 435 
177 497 430 798 
146 514 370 562 
167 529 275 594 
1 1 227 237 
113 249 187 388 
576 308 604 387 
689 136 779 159 
770 111 802 159 
802 434 879 467 
315 100 365 192 
162 226 207 256 
429 1 529 96 
598 388 630 409 
597 560 624 705 
113 337 143 389 
655 1 739 45 
545 412 625 742 
721 1 848 207 
62 530 379 797 
673 77 720 96 
104 524 379 665 
133 201 208 272 
656 32 738 51 
753 667 900 830 
139 530 188 590 
382 9 406 64 
161 385 241 432 
289 539 371 599 
623 114 694 225 
796 640 860 765 
795 371 900 415 
798 635 900 655 
17 1 179 140 
801 1 866 194 
1 385 432 817 
652 389 745 432 
600 329 655 393 
615 778 641 824 
177 777 307 809 
1 122 118 237 
639 432 722 482 
139 521 368 597 
593 59 612 118 
178 538 276 575 
585 319 745 430 
573 96 609 396 
553 406 583 487 
321 657 352 688 
614 17 799 256 
773 370 900 496 
33 185 146 217 
137 771 280 793 
1 1 154 144 
608 259 718 400 
145 571 283 666 
615 744 641 816 
286 173 344 294 
585 1 612 182 
656 137 814 287 
204 166 328 381 
434 384 528 427 
800 210 866 315 
68 529 184 708 
585 391 745 520 
621 259 688 389 
188 143 219 171 
71 708 293 770 
597 399 719 422 
114 434 200 549 
66 267 273 417 
75 529 352 752 
241 432 352 464 
329 657 358 738 
587 30 608 168 
673 207 815 336 
62 686 312 825 
218 715 288 747 
171 497 320 560 
65 634 106 702 
96 1 218 142 
656 1 709 33 
148 281 172 310 
433 383 668 512 
690 195 801 224 
816 211 900 353 
161 380 754 742 
665 141 799 190 
722 9 752 30 
50 673 288 818 
594 433 799 825 
34 241 113 314 
593 545 627 729 
547 51 596 161 
656 393 745 432 
132 1 347 378 
357 1 416 111 
174 707 299 744 
608 423 742 449 
801 209 849 273 
141 497 371 599 
1 1 269 400 
754 1 866 194 
67 526 363 794 
712 113 800 167 
722 216 790 237 
577 626 625 730 
71 1 100 33 
111 1 205 90 
1 434 288 818 
662 366 900 422 
1 208 190 379 
429 1 544 51 
67 516 369 804 
536 428 598 740 
754 1 846 190 
382 1 414 67 
49 55 191 191 
657 9 752 42 
221 554 376 781 
1 418 172 716 
842 646 900 682 
771 636 900 689 
114 338 142 367 
859 43 896 98 
18 193 208 272 
665 151 687 190 
585 1 620 168 
1 718 22 750 
504 733 645 831 
639 1 665 47 
840 1 900 68 
1 402 205 428 
804 390 874 414 
97 423 191 459 
1 1 143 134 
1 641 63 749 
18 194 137 238 
316 1 422 212 
305 529 368 560 
112 528 163 557 
350 174 375 199 
115 529 184 621 
139 306 159 334 
827 1 900 64 
639 435 721 578 
614 33 640 144 
562 64 592 95 
265 542 328 666 
75 539 347 710 
706 3 751 33 
49 81 85 111 
67 542 363 794 
136 206 190 291 
1 378 745 433 
1 238 31 289 
184 805 319 825 
296 609 316 650 
62 727 160 801 
288 1 435 264 
65 384 223 426 
802 209 847 270 
313 513 432 798 
574 1 624 416 
621 194 848 400 
672 231 802 265 
143 524 343 592 
62 524 379 797 
161 622 208 656 
32 234 130 283 
639 545 688 736 
620 778 687 815 
779 526 900 552 
836 652 900 831 
793 1 900 90 
1 1 235 379 
370 594 434 658 
796 501 900 548 
722 369 900 582 
200 1 418 399 
602 113 622 302 
665 12 728 33 
297 566 364 654 
121 1 141 39 
654 1 741 47 
96 401 416 577 
305 548 368 580 
296 582 341 653 
736 369 795 456 
801 638 900 662 
755 384 900 498 
639 480 688 736 
1 200 161 293 
505 735 634 830 
743 386 900 568 
308 737 513 816 
274 801 320 824 
625 1 900 272 
790 415 900 473 
384 388 479 428 
338 368 900 566 
74 686 264 710 
585 319 748 521 
209 384 583 433 
1 792 626 831 
75 540 352 721 
848 737 896 821 
170 1 258 69 
64 43 118 98 
852 738 900 815 
785 370 900 416 
28 100 97 169 
576 401 668 550 
364 1 414 103 
1 200 161 289 
184 785 335 827 
152 1 215 58 
209 384 479 463 
734 377 787 411 
557 415 784 825 
737 375 900 740 
544 529 584 742 
354 114 383 175 
100 434 275 623 
590 655 841 831 
843 512 900 536 
753 625 900 830 
435 13 487 63 
849 652 900 822 
802 1 864 159 
625 1 846 195 
198 382 580 425 
524 433 601 556 
621 1 798 222 
402 388 479 415 
832 512 900 535 
673 50 847 270 
1 1 83 40 
591 546 622 639 
432 1 528 96 
617 721 795 832 
688 130 769 160 
746 403 900 577 
801 401 900 424 
1 1 593 577 
843 1 864 27 
674 262 799 336 
153 222 175 255 
247 722 287 745 
116 259 272 383 
133 226 184 272 
62 722 290 817 
765 651 900 831 
791 690 843 824 
672 140 795 219 
1 405 399 569 
656 1 798 65 
104 641 160 662 
614 1 640 49 
692 261 800 336 
369 594 434 704 
70 753 112 780 
652 195 768 304 
663 1 751 45 
193 378 745 433 
118 521 189 566 
417 418 583 480 
225 297 273 380 
15 479 57 499 
567 405 617 686 
621 162 707 256 
574 1 773 520 
9 238 31 289 
403 406 583 487 
62 686 264 772 
193 529 320 560 
323 657 358 750 
43 102 100 157 
352 530 379 641 
582 120 616 393 
1 386 159 721 
1 398 207 424 
370 594 434 687 
307 566 364 654 
67 744 304 794 
661 409 745 432 
281 557 339 593 
86 32 111 73 
146 516 352 580 
98 596 277 671 
737 481 900 667 
113 33 145 69 
546 1 608 73 
681 162 829 212 
28 662 58 714 
848 738 900 823 
150 384 246 431 
60 1 80 22 
417 426 582 458 
1 242 134 355 
673 161 815 336 
1 507 379 830 
435 17 464 53 
661 159 840 287 
617 442 900 832 
874 43 896 98 
218 507 379 597 
504 721 795 832 
743 386 900 566 
546 383 641 416 
583 224 605 298 
684 192 816 229 
722 402 746 480 
615 1 662 47 
129 425 598 824 
304 582 347 663 
107 571 287 667 
144 776 193 800 
84 1 211 121 
775 705 799 800 
1 406 205 428 
557 415 626 740 
107 606 126 651 
829 161 864 272 
1 241 166 390 
240 528 320 597 
567 504 617 682 
823 1 900 88 
786 580 831 623 
699 139 779 159 
59 529 352 795 
181 507 430 798 
328 658 430 798 
743 403 805 570 
688 32 738 51 
105 488 141 541 
688 137 803 210 
1 370 113 432 
566 641 604 720 
64 693 134 755 
445 777 513 816 
356 626 430 657 
555 311 601 396 
1 66 380 400 
607 1 900 414 
329 100 365 165 
59 41 120 90 
1 241 166 389 
49 1 593 414 
497 633 525 671 
801 638 900 679 
738 369 805 398 
1 208 182 379 
768 641 816 689 
849 673 900 720 
793 368 900 414 
844 28 889 48 
1 1 124 143 
1 282 137 389 
194 23 219 47 
208 634 238 656 
114 1 143 42 
753 547 900 645 
736 321 900 389 
385 513 432 639 
757 376 787 447 
547 737 592 764 
782 164 802 207 
800 647 860 765 
1 359 111 379 
587 1 608 73 
143 540 163 570 
734 391 775 459 
132 1 160 33 
753 593 840 737 
595 49 615 159 
88 670 273 707 
88 670 273 710 
307 131 376 245 
642 435 804 817 
605 321 900 502 
572 1 601 250 
543 1 591 98 
224 384 543 434 
841 650 900 674 
98 654 278 678 
1 670 46 734 
665 1 734 32 
621 193 900 400 
162 516 370 555 
220 333 246 388 
255 709 299 739 
147 441 187 510 
688 234 802 256 
12 241 36 295 
543 1 591 97 
587 428 720 816 
655 1 732 36 
382 1 412 64 
97 791 143 823 
431 17 512 98 
648 73 748 99 
693 161 799 195 
770 637 840 806 
305 97 364 202 
793 1 900 166 
143 531 343 592 
584 391 745 417 
692 150 805 208 
125 225 208 272 
257 225 293 285 
693 195 808 215 
673 213 831 261 
385 513 433 639 
811 161 857 208 
273 491 510 831 
110 599 275 666 
561 486 587 539 
669 256 805 304 
1 710 28 753 
752 32 789 64 
567 504 617 686 
56 185 146 208 
40 678 63 752 
496 3 532 42 
755 384 810 496 
39 1 253 208 
323 658 430 798 
771 636 855 689 
139 529 368 597 
838 688 882 821 
66 127 548 577 
74 573 353 721 
1 286 38 314 
770 637 808 693 
705 129 804 166 
224 384 272 414 
655 1 738 37 
559 762 617 813 
589 1 608 95 
660 393 745 413 
177 497 368 646 
481 396 543 427 
626 1 790 224 
1 1 206 201 
783 474 900 494 
117 527 188 630 
544 1 790 255 
55 157 96 201 
73 1 99 36 
625 227 720 399 
222 512 379 597 
1 146 210 352 
49 689 129 736 
171 497 273 529 
737 375 900 671 
573 96 603 396 
803 1 900 270 
650 42 749 65 
597 560 623 705 
657 113 801 195 
242 425 352 462 
1 227 128 293 
536 428 587 658 
17 193 137 231 
571 514 622 673 
32 234 102 283 
464 559 598 828 
656 1 791 65 
28 201 137 236 
139 551 274 594 
57 65 83 90 
612 373 782 404 
583 1 608 319 
779 541 900 576 
1 249 176 432 
759 18 785 70 
9 546 125 737 
757 380 789 462 
577 403 841 831 
481 409 545 434 
643 435 783 817 
103 782 208 825 
1 7 73 59 
129 529 160 549 
780 499 810 528 
30 233 108 284 
139 440 173 491 
139 209 208 257 
241 401 288 422 
161 380 599 434 
592 729 650 781 
96 670 273 703 
193 641 279 669 
149 433 582 814 
154 423 180 444 
511 720 641 831 
664 369 814 462 
98 433 584 814 
1 71 49 135 
545 49 592 96 
544 49 592 96 
1 253 69 295 
301 149 335 190 
1 673 46 734 
545 559 591 742 
737 375 900 667 
59 1 83 36 
800 235 866 315 
607 386 754 446 
222 378 317 402 
795 359 900 416 
793 667 844 769 
1 792 512 831 
674 273 736 319 
627 28 780 72 
241 377 548 406 
730 366 808 397 
96 782 271 826 
258 226 303 287 
1 193 208 432 
273 507 352 529 
754 688 900 830 
696 262 799 336 
139 570 236 592 
129 605 224 656 
145 622 208 663 
273 538 368 615 
3 72 167 232 
98 715 130 736 
785 194 848 239 
1 236 49 295 
70 235 130 282 
730 377 767 398 
137 1 178 32 
818 737 841 804 
851 737 900 822 
97 763 161 787 
280 573 364 666 
753 656 900 831 
621 49 750 222 
464 559 584 828 
74 686 264 772 
33 200 138 220 
141 533 256 592 
385 514 416 544 
818 661 841 688 
557 486 587 740 
601 45 620 77 
82 728 192 770 
1 191 180 295 
583 733 640 763 
614 17 640 207 
113 290 168 389 
1 266 134 320 
688 130 752 150 
48 658 79 705 
229 1 601 389 
337 426 427 504 
139 585 274 625 
754 294 783 335 
1 420 160 648 
788 210 811 236 
665 19 746 44 
95 527 191 666 
102 234 128 284 
1 204 190 379 
617 668 900 832 
205 321 237 373 
145 802 207 825 
282 544 328 614 
332 93 367 149 
881 434 900 470 
729 211 805 239 
28 205 134 236 
249 1 594 386 
190 516 370 555 
577 387 639 409 
812 177 842 207 
292 553 368 593 
836 653 900 831 
33 321 133 379 
384 399 449 428 
619 66 709 224 
205 314 242 373 
130 43 165 82 
723 435 742 497 
82 657 278 700 
95 521 191 666 
18 259 480 463 
67 701 304 794 
604 307 623 390 
294 554 342 645 
688 177 803 210 
150 416 719 832 
1 379 586 427 
626 161 832 265 
545 506 624 742 
273 626 430 798 
353 113 384 176 
75 686 264 705 
84 796 307 828 
755 384 810 519 
20 205 134 240 
218 715 288 745 
612 17 640 382 
626 161 816 265 
122 529 170 616 
669 256 768 304 
657 155 694 252 
683 208 718 232 
621 33 640 65 
827 1 900 118 
814 655 833 674 
1 418 180 716 
595 1 615 255 
666 12 722 32 
251 166 328 304 
81 710 240 772 
49 65 83 102 
686 161 816 239 
663 147 687 169 
294 555 330 640 
839 1 868 27 
127 258 176 288 
105 13 125 63 
810 161 863 271 
689 245 801 272 
593 1 624 400 
553 666 598 738 
240 425 352 464 
754 688 900 831 
684 198 794 229 
504 384 556 421 
513 730 625 832 
210 786 320 828 
114 434 549 677 
70 683 99 710 
615 1 900 272 
1 1 257 236 
96 772 128 792 
1 1 221 231 
799 635 900 664 
215 382 435 405 
849 320 900 352 
818 582 879 611 
79 706 256 772 
699 403 900 645 
205 267 271 373 
613 257 640 384 
121 31 175 79 
691 207 794 240 
226 400 352 422 
96 782 208 826 
595 626 616 665 
55 507 133 631 
481 393 543 426 
264 514 363 560 
450 24 480 48 
384 376 556 421 
654 139 793 235 
225 503 352 529 
60 641 94 671 
596 383 759 502 
557 524 582 740 
879 86 900 118 
758 375 788 455 
290 1 430 255 
779 511 817 551 
758 377 783 402 
174 680 299 744 
210 801 320 828 
367 625 433 736 
25 219 117 238 
29 565 93 675 
644 1 754 99 
200 378 745 427 
595 541 626 666 
220 189 326 388 
657 1 728 22 
310 491 447 824 
665 12 746 44 
753 668 802 757 
566 546 650 781 
577 1 608 297 
691 161 816 221 
573 1 609 390 
723 403 774 641 
811 176 842 207 
313 690 344 751 
737 401 785 570 
429 1 504 32 
600 61 732 393 
30 99 64 127 
654 134 804 265 
305 501 431 591 
650 26 737 53 
182 711 288 784 
647 41 752 99 
600 199 655 393 
1 649 63 753 
689 377 784 460 
801 209 900 352 
784 636 816 662 
585 1 745 521 
142 415 784 825 
624 745 688 824 
338 369 900 566 
113 225 208 388 
241 401 335 422 
879 51 900 118 
1 67 132 192 
86 28 143 78 
612 1 640 389 
193 507 363 542 
673 273 752 336 
289 193 314 255 
417 385 573 434 
723 435 742 480 
565 401 668 750 
545 559 580 656 
123 540 156 568 
84 92 111 121 
97 400 241 433 
729 672 811 824 
48 752 79 801 
690 162 799 195 
1 201 208 432 
315 428 719 832 
716 274 735 303 
432 1 504 96 
593 120 616 226 
588 435 721 816 
9 689 46 737 
775 737 811 824 
690 161 811 224 
257 764 287 784 
114 433 584 814 
639 1 735 64 
581 762 608 789 
639 1 688 47 
818 737 841 831 
673 129 790 195 
98 525 117 553 
308 680 348 803 
30 631 57 675 
133 554 376 804 
115 465 152 527 
650 409 748 464 
730 366 900 397 
66 705 240 771 
431 17 513 98 
415 623 434 658 
761 375 789 446 
801 383 900 424 
274 784 337 824 
79 706 240 772 
181 608 383 738 
801 419 900 472 
1 386 144 434 
524 406 622 673 
84 62 145 121 
74 686 224 710 
758 375 789 446 
736 321 900 424 
840 27 885 68 
401 385 481 425 
209 384 583 463 
210 801 305 828 
104 585 275 665 
736 363 885 389 
1 609 64 708 
15 227 112 289 
849 581 900 608 
290 773 337 818 
71 710 288 786 
134 277 263 382 
330 106 362 149 
587 1 608 95 
15 227 105 257 
614 17 667 225 
403 405 583 487 
753 1 846 191 
184 785 516 828 
308 585 376 803 
395 1 527 98 
224 385 245 414 
149 433 582 816 
597 399 744 521 
778 371 802 476 
786 274 846 320 
367 625 432 736 
86 662 275 704 
75 569 160 701 
96 791 206 826 
616 257 640 384 
692 161 782 194 
62 753 189 800 
583 1 608 392 
544 529 591 742 
111 1 211 90 
615 1 790 72 
800 704 837 735 
668 369 795 456 
689 377 784 448 
546 609 570 655 
62 703 138 760 
305 785 335 820 
91 587 133 649 
617 705 830 831 
139 201 208 272 
782 261 807 296 
639 49 750 114 
775 371 802 476 
1 146 73 231 
66 369 204 417 
547 51 592 96 
65 704 131 734 
545 608 583 682 
432 407 480 427 
344 66 380 132 
624 116 664 222 
657 113 800 162 
66 267 548 577 
752 593 802 671 
576 313 595 387 
701 211 805 239 
565 675 593 750 
162 386 228 431 
778 493 801 520 
71 1 103 22 
546 1 589 64 
777 500 900 566 
688 130 720 160 
593 225 614 330 
144 776 202 800 
90 1 160 60 
82 619 240 694 
62 529 379 797 
33 157 138 220 
79 636 104 696 
849 652 900 740 
736 366 815 398 
560 530 598 702 
791 629 848 649 
818 647 860 765 
573 683 599 739 
673 1 900 336 
9 646 64 736 
796 499 900 548 
51 1 258 191 
338 385 573 434 
577 706 639 763 
1 49 86 127 
737 403 756 496 
657 159 840 293 
315 635 361 737 
798 674 873 832 
1 7 73 50 
560 524 582 643 
97 420 180 466 
28 53 155 169 
66 355 204 417 
289 687 434 802 
662 409 748 464 
150 385 246 431 
667 129 783 224 
608 433 671 480 
642 94 750 158 
669 215 720 265 
394 1 541 77 
431 28 505 98 
841 650 900 679 
205 277 267 385 
416 1 529 96 
87 234 128 289 
1 788 209 829 
30 233 125 284 
557 524 595 740 
639 1 752 64 
347 594 374 696 
577 375 900 832 
557 641 595 740 
560 529 650 781 
689 242 801 261 
673 261 800 336 
545 1 601 389 
735 369 900 582 
33 241 100 310 
687 195 794 225 
672 140 707 219 
361 1 416 110 
783 370 900 416 
573 1 608 384 
597 412 737 511 
93 670 278 700 
289 785 335 820 
775 500 900 575 
239 604 275 633 
714 273 752 336 
225 715 311 747 
755 409 900 497 
293 569 322 646 
641 481 671 544 
209 400 352 423 
803 395 900 414 
394 1 547 225 
791 417 900 472 
640 1 664 63 
1 646 41 716 
19 229 105 278 
585 319 748 464 
569 210 599 387 
800 236 849 304 
307 1 524 245 
9 242 29 283 
329 1 414 165 
67 708 293 794 
664 386 754 425 
686 216 784 239 
114 615 136 640 
434 48 494 94 
290 133 347 239 
307 1 544 245 
775 207 832 240 
864 75 893 111 
589 744 641 800 
786 161 840 240 
545 559 583 687 
286 154 356 294 
737 401 900 667 
593 49 615 330 
61 567 105 623 
529 384 577 432 
573 144 595 384 
401 384 583 432 
481 794 510 815 
765 673 841 831 
98 641 279 677 
66 333 246 403 
1 204 130 295 
792 208 832 236 
786 211 900 350 
1 379 202 400 
62 1 83 26 
585 1 748 521 
292 570 336 593 
576 705 595 734 
699 435 744 468 
296 593 319 650 
788 690 840 806 
593 545 624 704 
295 533 359 559 
727 28 790 65 
626 435 721 816 
416 1 441 32 
785 266 848 315 
730 791 774 816 
795 635 900 672 
133 554 364 804 
801 210 847 271 
370 594 432 655 
139 552 274 594 
779 519 817 551 
49 649 81 736 
531 416 588 639 
1 51 153 193 
261 593 316 704 
386 513 432 592 
793 667 822 690 
798 771 838 832 
879 48 900 118 
573 686 599 708 
348 567 368 593 
50 703 161 799 
562 387 630 410 
510 666 598 793 
701 217 760 236 
605 401 746 502 
596 383 641 416 
433 376 556 421 
49 1 599 414 
754 667 900 830 
401 385 479 406 
66 112 96 144 
185 721 240 771 
795 371 900 416 
85 578 130 653 
813 178 848 223 
1 53 155 201 
198 405 580 427 
754 289 783 335 
689 141 789 161 
682 208 805 242 
1 800 209 829 
200 297 585 427 
1 699 84 815 
641 391 719 416 
220 27 409 388 
1 489 100 648 
743 375 900 575 
684 207 801 242 
785 305 815 336 
1 1 210 197 
48 624 100 657 
615 761 641 780 
184 805 319 827 
150 434 476 584 
118 488 141 520 
697 137 803 192 
411 117 430 137 
657 193 736 293 
753 139 790 160 
593 262 614 330 
161 384 543 434 
757 377 789 462 
305 529 368 559 
1 269 134 355 
849 123 900 223 
514 608 578 760 
317 635 361 737 
218 715 255 736 
834 1 868 27 
1 46 66 143 
289 778 335 800 
682 129 860 247 
209 715 254 744 
831 113 864 192 
432 386 479 424 
116 200 161 256 
743 401 900 568 
737 401 900 575 
801 578 900 623 
738 376 769 398 
177 497 218 528 
364 37 396 103 
621 162 693 255 
722 369 900 656 
795 1 900 271 
1 385 160 816 
185 1 205 20 
1 629 108 815 
162 405 192 424 
229 251 590 389 
352 431 415 463 
589 19 608 95 
177 497 432 800 
667 151 692 224 
1 408 203 734 
200 405 580 427 
785 370 900 415 
849 679 900 720 
695 150 805 239 
638 1 752 110 
82 657 160 694 
338 526 418 625 
775 207 832 236 
747 447 767 561 
181 405 206 430 
785 273 846 310 
96 400 241 433 
347 706 384 751 
692 159 794 194 
592 435 718 814 
68 50 113 86 
1 92 111 201 
775 557 900 578 
657 129 694 162 
684 161 864 272 
688 32 726 51 
161 1 191 41 
172 380 586 427 
84 13 147 96 
730 373 782 398 
62 753 278 794 
173 405 211 428 
743 386 900 560 
627 255 720 384 
1 1 143 231 
736 442 768 608 
57 529 94 594 
840 34 889 68 
577 1 608 225 
205 293 258 383 
752 672 811 824 
580 512 614 550 
573 96 603 384 
1 386 161 721 
572 778 599 799 
67 49 128 97 
803 386 874 414 
672 243 815 337 
1 386 159 708 
707 3 751 23 
193 529 284 560 
96 80 123 109 
65 384 246 431 
208 633 238 656 
816 177 842 207 
64 43 128 98 
97 384 479 577 
672 272 814 337 
753 801 795 824 
141 547 256 592 
843 651 900 740 
433 376 502 417 
62 738 625 831 
582 228 606 299 
672 231 801 265 
15 227 96 257 
1 8 67 49 
614 17 640 144 
191 382 580 425 
817 660 855 689 
656 1 738 51 
738 15 773 93 
149 432 582 816 
318 127 351 207 
516 2 541 53 
209 382 400 463 
575 112 594 226 
730 366 900 398 
101 606 166 664 
1 26 67 59 
770 150 805 208 
667 130 799 231 
49 49 113 111 
689 141 783 161 
1 224 31 249 
130 288 161 321 
688 155 793 195 
302 582 339 653 
273 538 301 597 
1 75 42 159 
384 385 480 424 
464 608 578 828 
161 225 208 272 
729 681 777 723 
434 386 479 415 
1 1 218 236 
82 640 282 700 
261 515 430 798 
657 43 752 99 
434 12 499 94 
567 505 617 551 
258 715 288 742 
624 745 784 825 
17 61 104 140 
816 383 900 416 
856 46 900 155 
68 619 176 708 
582 512 605 542 
692 159 782 194 
689 139 790 161 
504 733 645 830 
673 44 749 65 
240 529 284 561 
215 307 435 405 
656 27 726 53 
1 241 145 434 
583 641 604 687 
33 286 134 320 
692 161 791 194 
827 646 900 682 
1 81 137 231 
126 49 147 70 
57 420 180 456 
395 1 431 60 
546 428 719 816 
739 498 768 624 
577 704 605 732 
792 194 848 239 
337 639 358 689 
289 549 371 617 
193 508 432 800 
851 78 900 166 
338 515 430 640 
210 626 270 656 
576 401 668 704 
800 211 900 367 
179 544 240 582 
1 286 40 377 
294 554 342 640 
1 38 60 74 
849 587 881 608 
116 200 159 238 
53 63 86 96 
429 1 529 64 
218 715 272 752 
241 730 288 784 
590 705 830 831 
94 538 156 604 
791 705 831 824 
735 165 787 194 
273 513 432 800 
688 32 726 53 
497 191 599 399 
664 386 754 434 
147 429 200 510 
431 17 527 98 
265 777 307 809 
429 1 528 96 
289 106 362 255 
621 193 814 400 
9 322 113 344 
667 151 695 224 
816 211 900 350 
87 41 118 71 
241 529 320 560 
113 1 143 42 
348 563 368 593 
49 63 86 104 
129 425 427 543 
561 65 592 96 
274 626 352 704 
770 637 822 693 
114 69 168 130 
45 162 80 191 
644 1 663 33 
231 715 288 736 
137 1 166 29 
780 498 806 529 
113 305 160 389 
96 800 143 819 
626 162 693 240 
150 529 275 594 
7 70 86 135 
546 384 594 432 
200 307 585 427 
57 420 133 456 
804 382 900 412 
230 426 570 504 
82 434 282 700 
579 529 598 672 
785 207 832 236 
798 372 886 394 
433 384 543 428 
748 411 772 561 
579 514 607 671 
86 662 124 695 
429 1 529 32 
310 594 374 781 
115 534 163 621 
15 209 134 257 
581 704 605 729 
536 428 784 818 
384 385 480 417 
433 386 479 406 
65 786 143 823 
754 594 773 639 
832 512 900 531 
460 330 587 389 
576 412 600 522 
151 531 343 592 
32 1 412 378 
850 788 900 822 
104 602 275 665 
53 59 86 96 
594 433 784 825 
85 541 156 618 
304 559 335 606 
1 61 104 152 
607 425 688 446 
318 127 368 216 
640 1 664 69 
68 652 92 708 
98 433 584 816 
743 460 766 561 
20 216 117 243 
642 480 673 543 
82 558 276 699 
481 396 543 426 
182 706 224 736 
780 487 810 528 
705 129 841 238 
241 377 548 400 
565 675 601 750 
652 153 858 304 
801 381 900 409 
242 384 400 408 
1 332 20 374 
96 719 129 738 
289 736 370 784 
804 383 900 412 
95 566 143 643 
575 96 602 210 
595 49 615 117 
865 109 900 128 
615 778 641 816 
751 411 772 560 
193 523 320 542 
369 657 432 704 
689 377 784 454 
1 658 95 815 
171 497 371 599 
371 34 435 168 
96 670 273 704 
817 582 880 624 
722 1 752 21 
667 1 748 32 
41 266 96 310 
257 1 593 385 
245 250 295 338 
310 555 342 600 
96 670 273 695 
688 264 713 289 
70 753 134 784 
706 9 752 42 
696 161 791 194 
224 269 412 382 
641 435 802 817 
49 39 119 111 
791 705 816 784 
242 436 351 463 
129 460 160 509 
18 398 128 422 
200 405 562 425 
434 384 543 427 
1 92 111 200 
307 586 344 660 
656 1 738 39 
641 1 754 99 
673 274 751 336 
306 149 335 199 
753 636 900 830 
779 498 900 551 
850 736 900 820 
481 401 543 426 
1 82 112 231 
1 370 113 396 
79 529 272 696 
100 469 275 623 
679 139 707 219 
590 673 841 831 
25 99 64 127 
761 375 789 462 
367 513 415 543 
371 14 432 110 
65 791 143 823 
194 513 342 534 
273 244 303 293 
1 149 47 194 
791 705 837 824 
654 134 698 252 
867 123 900 166 
840 672 900 695 
369 512 434 688 
310 491 470 824 
850 765 900 822 
647 41 754 99 
736 422 811 824 
145 571 283 664 
30 459 160 676 
162 514 370 555 
171 497 273 546 
417 426 582 480 
430 1 530 44 
1 1 72 40 
796 640 842 756 
595 49 615 255 
17 322 127 377 
721 44 752 63 
567 505 605 551 
289 549 371 599 
654 129 860 265 
800 498 900 533 
856 63 900 136 
615 1 766 160 
280 578 349 666 
615 761 641 816 
292 553 352 593 
384 385 448 417 
204 299 254 381 
737 481 784 640 
173 422 200 464 
754 50 790 76 
801 498 900 522 
579 514 614 671 
678 242 801 268 
94 536 156 596 
678 243 800 335 
327 635 361 731 
615 1 724 47 
1 1 205 193 
84 738 625 831 
177 777 307 811 
625 1 864 272 
205 100 365 385 
1 75 23 135 
746 403 788 577 
161 385 246 421 
785 213 807 234 
298 560 339 620 
775 207 832 239 
565 383 759 750 
51 55 191 191 
664 369 900 519 
146 803 271 824 
87 574 312 710 
86 619 116 679 
615 779 640 816 
752 612 774 641 
371 610 568 814 
615 1 720 72 
738 274 768 304 
67 730 119 755 
162 699 311 747 
1 53 22 74 
497 384 556 426 
617 668 799 831 
557 415 587 740 
193 539 239 560 
686 211 802 256 
545 412 624 742 
140 546 208 592 
826 29 881 79 
115 1 190 64 
769 656 845 825 
1 304 137 379 
18 193 138 224 
587 667 611 729 
785 370 814 415 
385 386 480 428 
370 625 432 656 
134 235 163 261 
394 1 544 130 
205 267 271 382 
251 594 274 625 
256 406 480 431 
657 9 752 53 
49 675 81 736 
721 1 846 191 
95 117 117 144 
786 587 816 609 
271 154 356 300 
754 767 861 827 
305 784 337 818 
222 377 548 402 
689 141 752 160 
574 199 745 520 
124 225 159 256 
786 153 858 252 
1 190 263 400 
271 71 393 300 
807 381 900 415 
663 139 721 235 
1 401 160 717 
102 271 129 290 
801 235 824 265 
753 305 815 337 
657 113 801 193 
292 570 321 593 
560 65 596 168 
786 594 833 625 
1 420 153 647 
130 1 162 36 
294 553 352 592 
743 401 900 623 
646 20 671 46 
265 542 300 666 
360 28 411 133 
193 433 352 466 
580 512 607 550 
308 690 336 735 
577 27 601 250 
602 199 622 313 
513 737 617 825 
1 405 211 569 
1 49 155 201 
579 514 614 673 
130 288 155 321 
101 582 278 666 
93 529 208 653 
193 378 221 401 
39 1 406 379 
834 674 900 822 
338 384 639 434 
722 377 784 448 
779 625 900 656 
775 625 816 645 
305 501 416 544 
246 604 275 633 
563 65 592 94 
208 540 271 590 
729 672 777 723 
1 385 160 717 
98 654 278 677 
179 544 275 582 
826 661 865 688 
1 38 67 59 
161 603 275 633 
810 161 857 208 
130 763 192 787 
699 435 768 608 
842 646 900 721 
801 381 900 415 
225 1 594 386 
66 225 304 417 
592 428 719 816 
140 546 175 592 
778 493 800 528 
17 321 145 383 
209 402 352 464 
59 563 108 627 
67 715 304 794 
626 1 900 400 
128 774 207 804 
273 700 314 735 
130 288 177 336 
673 230 816 261 
209 754 289 817 
753 561 816 627 
1 92 111 236 
75 574 312 710 
32 1 345 378 
49 31 90 88 
587 428 719 816 
692 150 805 239 
210 634 238 656 
23 609 80 685 
130 305 160 352 
1 489 117 648 
567 504 605 551 
1 315 31 341 
84 796 307 827 
597 369 900 551 
338 378 665 550 
330 573 352 613 
768 547 824 577 
256 395 480 431 
9 648 63 737 
842 650 900 682 
59 497 432 817 
104 607 276 666 
615 759 641 779 
69 234 125 282 
513 737 592 817 
840 35 878 68 
874 43 897 90 
621 162 699 255 
814 647 842 756 
801 385 900 424 
404 143 434 168 
241 744 304 772 
129 1 160 33 
1 699 95 815 
757 378 789 462 
198 382 580 427 
273 670 344 742 
689 113 800 160 
69 529 288 711 
753 561 880 627 
561 702 593 750 
9 689 41 737 
34 642 59 677 
161 384 556 434 
729 162 787 194 
575 112 604 298 
86 662 275 711 
841 323 900 368 
769 667 844 824 
371 659 507 704 
567 664 610 729 
84 786 143 818 
118 544 150 566 
785 593 900 645 
600 546 623 608 
81 631 108 675 
385 386 479 428 
140 201 159 223 
621 1 789 222 
338 427 433 463 
313 626 430 798 
454 1 581 184 
125 521 189 565 
1 157 43 201 
261 241 285 273 
576 412 614 550 
754 688 872 827 
63 571 130 696 
417 429 570 480 
545 506 607 742 
433 1 487 53 
743 375 805 570 
828 169 847 222 
594 617 627 729 
311 784 337 818 
1 80 96 160 
112 603 275 665 
273 773 510 831 
315 755 370 814 
757 376 781 410 
177 682 263 703 
683 215 718 235 
577 313 600 396 
146 802 207 825 
638 41 752 110 
673 354 720 399 
115 529 275 623 
81 1 406 389 
249 498 371 540 
362 64 390 123 
643 435 802 817 
1 391 144 434 
142 425 360 529 
174 707 299 739 
88 577 143 672 
96 800 161 819 
753 737 811 824 
598 387 624 409 
597 520 632 666 
401 385 479 415 
553 641 598 740 
63 571 102 622 
775 500 900 576 
64 568 92 610 
143 524 359 592 
1 272 113 355 
132 612 208 663 
801 381 900 424 
209 605 258 624 
209 529 272 560 
737 1 864 193 
513 744 554 817 
693 162 799 195 
778 395 800 476 
562 1 630 410 
691 192 816 221 
640 481 671 544 
511 720 625 831 
178 520 223 545 
778 195 808 215 
846 1 900 27 
1 157 43 200 
321 657 351 687 
597 399 736 521 
143 526 359 592 
49 65 70 104 
154 23 219 86 
690 162 714 194 
850 385 896 415 
801 635 900 662 
85 578 130 618 
675 259 807 302 
615 744 641 820 
62 686 290 825 
135 540 163 596 
150 529 320 600 
769 809 816 831 
735 165 787 192 
172 380 220 401 
512 735 548 768 
75 577 160 701 
848 737 900 821 
409 159 452 320 
129 607 276 666 
339 1 435 168 
853 738 900 816 
643 422 811 824 
337 399 449 428 
261 574 363 721 
122 602 258 624 
743 401 900 560 
1 7 72 40 
310 659 344 710 
353 554 379 597 
545 386 754 742 
108 592 129 630 
513 1 544 30 
370 801 436 825 
102 234 125 284 
209 754 335 817 
49 434 287 703 
306 64 390 229 
805 690 840 768 
775 555 900 575 
129 801 207 825 
607 423 735 446 
289 529 371 599 
593 226 618 388 
642 435 804 815 
101 253 175 290 
664 369 810 519 
810 517 900 548 
809 288 847 310 
5 318 126 377 
466 559 578 820 
639 435 720 480 
335 626 362 656 
130 776 202 800 
145 1 206 60 
688 211 802 256 
797 629 900 652 
1 19 72 40 
575 240 595 300 
546 1 672 400 
51 1 221 191 
129 425 570 543 
861 64 883 89 
322 705 432 802 
1 204 60 287 
193 721 214 752 
673 213 816 261 
512 756 534 798 
576 405 597 514 
593 49 618 388 
1 1 412 389 
1 128 23 152 
669 153 858 304 
161 1 205 41 
162 386 228 408 
673 207 801 268 
1 7 67 26 
209 737 335 817 
593 199 618 388 
656 43 719 63 
1 99 64 160 
18 204 136 231 
721 1 790 65 
673 141 789 176 
45 191 210 352 
600 329 732 393 
409 228 432 294 
796 636 900 660 
805 690 837 744 
788 749 900 832 
209 391 400 423 
768 641 840 737 
32 45 206 218 
136 774 207 804 
647 41 727 70 
1 676 44 750 
786 275 846 309 
208 558 240 590 
721 1 848 191 
670 239 736 293 
435 24 480 63 
101 253 144 290 
738 377 768 398 
1 204 104 273 
138 722 290 817 
256 224 304 288 
82 710 240 771 
132 612 207 639 
673 261 815 336 
673 237 801 267 
753 581 833 640 
505 726 784 830 
370 515 430 622 
582 513 617 542 
28 82 117 169 
148 434 200 509 
789 419 900 476 
569 210 599 386 
264 529 303 560 
775 384 801 474 
796 640 819 660 
781 546 900 575 
566 675 592 720 
114 466 159 534 
809 444 857 468 
738 11 786 70 
536 428 639 763 
562 383 641 416 
40 282 137 322 
190 514 370 555 
816 1 841 34 
74 593 353 721 
114 339 160 389 
70 695 152 719 
818 582 848 623 
209 384 479 428 
281 557 352 608 
306 539 371 599 
729 672 900 827 
313 511 434 802 
6 49 48 110 
672 139 707 219 
673 230 801 268 
292 553 362 593 
778 507 900 575 
129 607 272 666 
25 106 48 127 
837 651 900 670 
287 529 320 566 
1 98 95 180 
394 1 547 77 
241 274 266 314 
623 114 672 175 
75 540 225 711 
208 275 270 382 
1 1 143 91 
800 1 866 194 
150 533 276 582 
359 112 386 177 
411 2 541 166 
696 262 799 304 
385 395 449 428 
850 737 900 822 
352 432 524 466 
673 273 719 293 
416 1 529 94 
338 369 900 551 
457 782 483 808 
125 225 159 256 
221 574 376 781 
1 491 510 831 
90 1 143 60 
194 513 363 560 
573 686 639 763 
512 749 564 798 
760 369 805 395 
389 27 409 72 
626 49 750 158 
23 71 49 127 
575 162 594 210 
324 623 343 675 
646 503 667 539 
256 521 320 542 
607 449 626 524 
59 723 134 795 
1 420 153 717 
82 1 179 78 
849 385 900 415 
73 420 133 456 
666 1 786 70 
593 779 617 800 
79 529 278 696 
7 315 129 363 
229 345 412 382 
66 705 288 793 
513 798 575 832 
209 384 399 463 
557 641 582 740 
467 26 499 45 
723 411 774 641 
1 401 144 434 
433 384 528 428 
66 259 464 414 
432 8 527 51 
737 1 798 65 
869 1 900 22 
626 577 689 816 
116 259 271 382 
70 739 95 759 
218 715 287 745 
253 681 295 743 
656 43 720 63 
1 489 96 648 
65 704 131 755 
1 1 160 112 
809 444 881 468 
209 405 335 433 
817 580 880 624 
723 1 786 70 
534 749 564 768 
208 601 276 666 
625 116 687 222 
99 776 208 827 
782 368 814 387 
79 529 288 696 
23 624 80 685 
62 723 160 801 
1 642 95 816 
838 688 900 820 
19 229 105 259 
845 3 900 27 
204 738 310 797 
116 271 273 383 
114 440 173 539 
320 570 352 617 
116 259 464 385 
576 448 600 516 
312 525 369 569 
259 227 287 265 
758 382 784 402 
583 733 641 772 
545 559 591 736 
658 220 719 293 
258 149 335 277 
772 1 864 160 
596 433 784 818 
9 570 109 736 
746 403 785 570 
295 582 341 657 
43 80 123 157 
324 112 369 224 
114 434 584 814 
623 112 687 224 
122 53 155 86 
364 391 586 410 
241 529 284 559 
1 1 430 389 
258 399 449 428 
193 514 363 537 
49 1 117 91 
62 546 125 651 
163 225 208 256 
165 524 324 548 
667 182 688 224 
122 1 141 27 
735 389 760 413 
582 405 602 517 
593 435 721 816 
817 650 846 764 
545 378 577 399 
38 408 203 674 
159 529 187 575 
130 288 177 321 
625 49 750 222 
59 70 86 90 
743 422 766 561 
791 704 837 824 
200 378 745 433 
303 554 363 577 
122 602 275 658 
669 402 742 425 
82 648 276 699 
144 281 172 318 
297 626 317 661 
790 653 842 788 
545 506 592 742 
358 9 409 111 
116 1 269 129 
17 241 145 383 
647 41 674 70 
855 739 900 784 
758 375 789 462 
778 545 900 568 
802 784 832 825 
808 688 844 769 
375 37 396 82 
849 581 900 624 
220 717 286 741 
675 259 805 302 
510 428 598 793 
724 211 805 239 
597 426 745 520 
735 376 784 404 
306 538 360 560 
33 286 134 337 
612 64 672 256 
434 12 496 94 
658 220 704 264 
1 104 42 159 
1 227 206 647 
612 64 672 226 
382 9 409 64 
312 520 370 555 
673 28 780 65 
775 737 800 800 
779 523 900 552 
329 639 383 719 
594 403 808 825 
831 113 863 176 
769 656 845 783 
64 626 107 671 
310 433 578 824 
335 626 362 655 
864 689 896 719 
800 477 900 497 
593 545 624 621 
601 307 623 389 
1 190 208 379 
805 710 837 744 
864 689 900 719 
669 215 804 265 
97 420 180 452 
618 426 745 497 
385 388 479 428 
823 1 864 33 
33 201 137 220 
865 77 896 112 
663 149 685 169 
328 513 432 798 
95 53 155 102 
571 702 592 735 
654 147 694 252 
578 626 609 682 
19 191 180 284 
143 540 163 569 
1 673 47 736 
1 776 900 833 
124 225 160 256 
100 541 156 592 
66 363 216 403 
809 208 900 315 
1 81 111 180 
194 507 363 560 
255 223 289 287 
791 419 900 472 
729 593 900 827 
1 649 63 749 
598 516 686 814 
656 1 720 26 
577 96 602 177 
755 66 846 164 
122 596 270 660 
692 170 712 194 
816 210 900 352 
139 544 275 597 
336 526 418 640 
690 162 799 196 
626 1 753 160 
59 563 108 640 
657 410 745 433 
657 1 724 33 
161 640 272 666 
145 571 283 667 
17 322 115 361 
593 479 626 562 
1 145 47 236 
113 258 176 389 
567 664 603 704 
226 399 449 428 
1 649 80 753 
577 1 608 226 
273 792 306 811 
1 286 110 432 
553 397 600 417 
132 612 207 641 
70 705 240 771 
394 1 530 77 
753 673 800 800 
560 529 650 816 
112 384 160 419 
1 641 41 708 
42 102 100 157 
827 1 900 35 
320 570 343 617 
30 96 65 127 
59 723 95 795 
129 426 182 509 
60 593 124 671 
536 428 587 672 
497 29 527 56 
625 116 679 222 
799 638 900 664 
562 388 604 410 
1 1 263 400 
257 225 288 259 
656 32 726 53 
224 384 321 414 
306 1 435 224 
626 50 900 400 
127 227 206 288 
793 417 816 471 
115 435 187 549 
9 304 137 379 
290 705 513 816 
752 593 802 760 
775 705 797 800 
881 48 900 88 
626 209 814 400 
117 1 236 121 
792 194 848 270 
193 514 363 542 
1 49 86 134 
779 587 900 641 
685 208 802 256 
243 432 351 462 
65 390 159 426 
803 386 832 410 
1 380 204 400 
466 750 519 820 
49 753 81 800 
510 736 562 798 
68 51 111 86 
295 578 349 662 
848 679 900 767 
417 433 582 458 
545 242 591 399 
855 753 900 784 
656 1 725 39 
62 573 353 817 
643 193 694 285 
86 662 285 704 
751 411 900 568 
657 158 679 190 
17 75 38 126 
81 1 412 389 
689 11 720 33 
513 737 617 832 
130 557 155 597 
673 208 831 261 
107 615 136 648 
798 773 837 832 
1 177 25 201 
97 791 143 818 
194 507 368 608 
547 1 624 400 
208 620 270 660 
593 730 643 799 
861 43 897 90 
688 130 783 160 
668 369 810 519 
667 1 791 65 
858 705 900 736 
18 193 64 236 
757 369 814 462 
145 227 206 271 
114 1 221 130 
332 66 380 149 
97 401 241 577 
116 267 273 383 
689 243 800 272 
329 626 362 656 
30 144 94 210 
385 409 448 428 
775 213 807 236 
139 546 272 597 
737 1 846 193 
793 386 833 471 
122 547 162 616 
572 774 618 831 
209 529 284 560 
791 1 864 160 
688 129 783 160 
167 529 272 582 
68 619 116 708 
848 1 900 37 
789 434 900 476 
625 116 678 222 
681 50 847 270 
721 1 770 32 
215 382 373 405 
605 385 759 502 
628 208 848 400 
298 591 320 645 
1 689 95 815 
288 193 314 255 
779 495 900 552 
723 403 900 641 
881 124 900 157 
801 381 900 407 
524 433 582 556 
464 24 513 65 
501 809 625 831 
117 538 162 610 
594 435 721 816 
851 75 900 154 
289 778 320 800 
771 636 827 674 
200 378 586 427 
445 733 641 832 
738 289 783 321 
240 259 271 315 
818 647 842 756 
722 402 746 448 
801 381 900 400 
818 210 859 247 
765 500 900 584 
161 782 208 807 
1 98 94 180 
49 690 72 736 
62 753 141 794 
258 226 287 265 
513 383 641 432 
288 193 328 264 
810 517 900 547 
182 593 316 721 
130 509 166 542 
96 791 143 819 
65 398 158 426 
416 2 541 166 
644 1 663 46 
594 726 739 825 
1 289 80 355 
318 127 368 207 
1 82 112 193 
309 135 350 206 
100 469 169 592 
193 507 418 666 
111 433 161 537 
496 384 556 421 
177 497 368 608 
840 34 900 136 
1 171 26 197 
34 241 79 266 
577 1 608 177 
152 1 210 58 
737 481 799 667 
102 225 159 284 
779 499 817 551 
753 560 900 639 
753 551 900 641 
257 609 276 666 
240 529 272 559 
612 33 640 223 
161 707 299 739 
18 193 137 238 
179 400 241 432 
688 13 709 33 
290 127 368 255 
284 723 311 742 
243 640 275 664 
569 256 599 386 
355 113 384 176 
434 388 479 415 
692 129 841 239 
65 784 160 823 
1 420 180 648 
1 417 180 717 
338 513 432 625 
122 1 210 86 
569 210 592 262 
762 558 781 621 
754 593 783 639 
811 222 846 270 
111 451 161 528 
66 241 100 276 
81 728 176 769 
9 672 46 737 
432 16 494 96 
693 161 811 215 
513 733 641 832 
684 139 707 195 
621 67 640 127 
769 481 817 566 
625 55 801 195 
801 208 900 315 
864 765 900 816 
576 503 607 550 
33 241 134 337 
128 466 152 497 
220 189 326 382 
752 672 789 705 
218 713 288 753 
1 420 160 717 
597 433 784 818 
141 562 256 592 
783 371 802 416 
844 1 900 48 
302 608 329 662 
275 191 315 261 
386 409 448 428 
657 12 725 39 
50 600 110 642 
823 1 844 33 
790 433 900 473 
778 537 900 568 
96 800 206 826 
765 548 900 584 
1 75 27 134 
727 27 789 64 
209 384 400 463 
9 238 31 284 
30 507 133 675 
113 288 160 388 
433 1 487 33 
753 784 811 824 
588 689 610 729 
51 46 194 191 
435 12 496 63 
139 554 256 592 
33 242 79 266 
96 1 218 143 
800 691 837 735 
219 715 288 753 
585 391 745 413 
371 44 404 110 
850 696 900 767 
290 1 430 239 
354 541 383 624 
662 9 704 30 
124 434 192 550 
328 513 432 800 
595 49 615 200 
1 80 123 197 
290 127 351 255 
497 1 581 67 
338 515 430 625 
853 724 900 816 
664 385 759 417 
130 751 290 825 
789 418 900 497 
560 641 582 687 
764 551 900 584 
432 16 513 96 
769 670 808 689 
780 594 900 641 
84 738 510 831 
80 232 105 257 
273 236 293 285 
64 390 113 415 
866 694 900 719 
255 127 368 288 
297 569 326 638 
626 193 900 400 
369 657 431 688 
1 75 36 135 
563 641 582 672 
587 705 607 729 
639 1 789 69 
205 191 315 385 
623 114 678 225 
12 238 36 295 
139 289 168 352 
678 242 801 335 
598 428 719 814 
367 658 432 736 
839 38 888 67 
537 730 593 755 
361 1 412 96 
321 1 412 115 
841 511 900 536 
65 704 288 786 
546 224 593 389 
30 689 95 802 
481 385 573 432 
763 396 783 416 
1 318 126 377 
688 130 751 160 
753 581 900 645 
722 385 759 404 
583 664 603 703 
658 220 680 241 
856 739 900 783 
856 739 900 816 
209 275 270 382 
9 236 49 289 
573 686 599 739 
184 805 271 825 
208 605 276 666 
62 753 278 800 
274 385 480 424 
49 571 130 736 
564 774 618 831 
115 529 208 623 
387 595 417 638 
3 200 39 232 
274 384 543 434 
261 582 341 735 
601 1 762 119 
433 1 487 24 
1 321 32 342 
765 673 841 804 
29 507 133 675 
641 392 660 415 
117 23 215 121 
667 1 786 70 
499 1 581 64 
359 112 385 177 
164 422 200 477 
801 146 827 191 
846 3 900 27 
841 646 900 679 
40 286 113 320 
122 602 192 624 
315 610 641 832 
1 332 81 377 
319 555 363 577 
32 1 269 218 
338 541 383 624 
95 209 134 238 
200 400 580 427 
753 411 772 560 
514 559 578 760 
353 554 379 641 
625 775 656 814 
573 240 595 384 
553 671 575 742 
434 386 479 406 
674 273 751 335 
679 140 707 219 
225 297 523 385 
798 386 900 449 
18 193 64 224 
209 551 275 593 
1 53 31 84 
841 651 864 672 
113 49 147 96 
367 658 408 690 
1 529 130 815 
60 636 100 671 
33 602 73 643 
86 39 119 73 
33 568 92 643 
537 730 625 760 
174 709 299 739 
240 432 524 466 
94 58 113 80 
110 422 196 569 
130 782 208 807 
218 498 371 540 
119 573 141 604 
614 1 672 71 
33 321 145 379 
33 194 137 224 
321 658 351 688 
664 398 742 425 
1 25 65 49 
689 423 742 449 
531 435 584 639 
572 762 609 806 
1 236 134 355 
565 702 593 750 
240 425 334 463 
848 737 880 821 
225 297 380 382 
123 546 144 568 
125 225 158 256 
339 1 432 115 
505 726 645 830 
580 514 607 550 
852 728 873 760 
838 688 872 820 
511 755 584 818 
817 512 848 532 
255 219 306 289 
778 517 900 568 
81 190 208 314 
306 106 369 224 
1 420 159 708 
49 641 95 736 
639 1 789 64 
1 417 180 584 
252 59 280 85 
49 1 347 378 
510 736 564 798 
688 12 725 33 
161 385 246 430 
615 744 641 779 
1 353 111 378 
597 412 666 511 
775 386 797 474 
626 735 689 816 
370 515 430 625 
162 386 241 432 
126 540 156 568 
336 154 356 186 
259 421 430 463 
95 124 117 144 
778 545 900 567 
121 1 205 79 
544 609 566 641 
706 1 791 65 
736 323 900 383 
881 51 900 88 
135 194 178 255 
258 715 311 747 
116 200 145 238 
797 422 880 473 
140 771 280 793 
730 740 774 816 
434 49 465 94 
802 209 849 270 
617 705 795 831 
7 104 42 135 
596 385 668 416 
769 668 816 689 
49 529 208 672 
574 391 745 520 
162 385 246 421 
600 314 732 393 
129 289 160 352 
371 659 467 686 
137 769 280 793 
193 514 342 537 
159 529 187 549 
840 35 885 68 
226 401 335 422 
672 211 900 350 
593 154 612 225 
371 22 430 110 
778 493 798 519 
64 39 119 98 
434 408 528 427 
593 71 623 389 
258 233 289 277 
235 274 266 329 
210 551 256 591 
801 419 900 449 
86 30 139 78 
313 690 336 735 
1 577 109 750 
272 256 304 288 
370 513 432 622 
115 1 191 79 
347 71 393 199 
800 266 849 304 
775 386 833 474 
150 530 276 582 
818 582 848 611 
306 106 362 207 
497 405 543 426 
205 267 272 383 
150 547 175 576 
752 668 799 763 
32 1 269 284 
244 257 280 314 
1 386 110 432 
129 586 276 666 
603 529 624 629 
33 194 138 224 
132 1 435 378 
243 297 268 343 
546 165 601 389 
241 523 320 542 
16 708 37 732 
566 607 607 706 
752 559 802 671 
261 647 316 704 
209 401 352 463 
772 656 841 784 
705 267 798 304 
641 432 722 736 
1 145 47 201 
34 650 92 711 
114 466 156 539 
324 1 435 224 
64 625 107 671 
139 599 273 624 
639 49 750 158 
596 545 624 621 
572 749 623 800 
829 161 857 208 
593 773 625 800 
139 530 285 597 
34 245 79 265 
668 385 754 412 
209 620 270 640 
583 664 603 687 
1 385 63 416 
122 598 273 656 
603 547 622 607 
220 297 268 382 
135 529 184 596 
650 42 754 76 
674 204 699 231 
796 1 831 96 
771 641 827 674 
780 737 804 800 
284 781 307 806 
84 773 510 831 
795 368 814 387 
124 49 147 80 
75 539 335 710 
130 730 288 793 
73 87 124 133 
293 33 318 76 
41 71 85 112 
273 662 344 751 
389 1 422 68 
240 259 270 314 
1 241 166 647 
224 308 302 380 
245 267 271 314 
139 209 208 271 
333 538 368 576 
256 224 289 287 
259 227 303 287 
66 529 352 793 
602 61 625 313 
224 312 264 380 
105 434 159 463 
805 750 831 824 
545 428 587 529 
49 1 160 91 
608 259 718 415 
66 369 204 402 
208 529 272 560 
129 604 270 624 
321 1 406 115 
34 194 137 216 
1 210 31 247 
355 348 379 370 
30 426 182 675 
129 516 166 543 
62 751 290 825 
79 578 130 696 
114 1 190 69 
777 537 900 566 
366 55 395 111 
274 258 293 285 
566 546 623 729 
672 231 704 264 
667 151 788 231 
225 307 354 382 
1 629 143 818 
75 676 208 711 
21 236 49 289 
61 572 101 623 
714 273 784 336 
569 1 623 389 
851 78 873 121 
145 434 192 484 
209 408 256 463 
545 1 594 128 
107 606 127 648 
1 353 111 377 
627 37 720 72 
139 201 161 225 
656 1 709 39 
589 759 641 779 
50 753 79 799 
156 1 206 54 
723 435 752 527 
779 493 804 528 
74 686 290 721 
681 162 799 196 
779 520 817 551 
1 642 81 748 
50 703 288 818 
138 194 178 232 
116 259 412 382 
72 568 92 594 
850 696 895 721 
225 574 312 706 
547 51 596 127 
385 705 432 736 
736 422 767 617 
801 385 832 407 
572 482 593 557 
140 546 256 592 
851 78 900 154 
316 158 343 212 
241 605 276 666 
369 656 433 688 
339 1 412 115 
790 656 841 784 
107 606 136 648 
689 243 800 335 
807 381 900 407 
791 747 830 831 
49 50 113 111 
139 1 166 26 
669 210 816 304 
79 529 208 696 
690 242 801 261 
308 690 341 735 
692 169 723 194 
808 721 840 768 
1 642 81 737 
81 190 208 284 
353 594 374 669 
81 728 144 758 
849 319 900 352 
113 1 136 42 
50 626 78 655 
165 525 324 548 
315 1 414 192 
791 690 837 824 
785 625 816 645 
273 257 304 288 
1 1 117 88 
434 34 464 64 
727 165 787 192 
802 493 900 512 
813 691 837 719 
19 193 47 223 
370 610 568 814 
96 1 221 143 
755 372 900 498 
626 37 672 71 
178 538 239 575 
657 44 752 63 
96 772 128 796 
834 593 900 625 
200 142 348 399 
294 554 330 640 
598 403 745 433 
387 595 439 638 
96 1 218 140 
98 282 128 304 
6 39 60 74 
70 739 161 787 
606 432 673 501 
807 500 900 548 
60 625 107 671 
572 762 617 800 
112 528 163 556 
608 424 735 448 
481 401 516 426 
139 546 274 597 
313 656 434 802 
122 516 163 549 
781 546 900 574 
1 641 47 721 
1 642 47 721 
607 412 741 446 
209 582 278 666 
1 1 76 42 
811 210 900 352 
786 587 831 623 
562 388 630 410 
114 1 191 82 
261 515 430 735 
855 692 900 738 
139 586 274 612 
598 668 626 724 
57 529 100 586 
601 547 622 608 
262 722 287 742 
62 703 129 757 
775 555 900 574 
137 1 161 32 
783 784 811 824 
209 576 275 600 
773 461 805 496 
130 16 191 82 
654 147 687 186 
681 115 847 270 
818 647 844 765 
641 432 722 584 
667 151 692 231 
291 529 320 556 
34 193 145 238 
161 385 223 420 
139 598 273 624 
602 199 622 298 
618 423 745 497 
743 401 767 458 
295 591 320 650 
691 192 816 214 
361 61 380 94 
621 67 642 127 
1 629 108 753 
527 750 596 832 
686 219 784 239 
1 708 33 753 
617 656 841 831 
208 259 271 382 
129 465 156 495 
256 406 416 426 
97 540 171 608 
210 801 305 823 
566 546 623 720 
33 609 64 648 
639 335 720 394 
192 400 241 432 
272 255 306 289 
619 66 640 130 
321 659 342 688 
66 737 128 769 
434 17 464 53 
780 495 806 529 
1 236 49 294 
128 710 240 772 
656 1 689 26 
775 537 900 575 
513 750 617 832 
1 420 160 586 
527 761 583 807 
827 651 849 673 
801 422 900 449 
145 208 209 257 
727 28 780 64 
597 426 635 520 
346 145 368 178 
642 392 718 415 
162 434 192 469 
826 29 866 71 
738 15 773 70 
289 775 335 800 
360 85 380 111 
881 387 900 409 
28 123 71 169 
856 44 900 155 
626 72 750 158 
753 785 787 818 
593 52 623 389 
597 320 624 400 
57 420 180 528 
172 434 200 466 
753 548 833 640 
672 272 815 337 
286 608 329 662 
385 594 434 658 
97 432 352 576 
672 245 815 337 
466 26 495 63 
1 1 117 135 
328 658 430 766 
273 690 341 735 
786 578 900 623 
267 64 390 297 
259 227 293 287 
376 7 416 97 
817 582 848 611 
430 1 547 44 
281 543 352 608 
361 61 381 96 
352 530 379 597 
289 560 321 593 
168 221 208 284 
306 130 350 207 
17 321 133 379 
669 256 807 304 
341 637 362 699 
536 527 582 658 
357 114 382 174 
167 533 240 582 
146 46 194 94 
791 1 864 192 
659 73 748 99 
416 38 518 166 
753 48 780 128 
569 165 601 228 
752 672 784 760 
80 673 143 696 
115 577 143 624 
785 625 900 645 
126 249 176 288 
315 67 382 192 
627 257 655 336 
28 80 123 169 
1 92 111 231 
244 191 315 314 
802 769 832 825 
320 159 345 216 
1 286 40 396 
241 744 304 774 
759 133 796 166 
1 803 271 827 
101 598 273 664 
65 13 147 112 
817 580 880 611 
853 111 900 166 
596 391 668 416 
58 165 99 200 
49 204 136 234 
752 32 785 64 
790 454 900 473 
1 283 85 355 
736 363 859 383 
156 249 190 314 
758 637 799 667 
75 540 163 701 
1 379 127 434 
310 691 346 781 
785 748 811 824 
289 737 465 816 
821 321 900 368 
513 730 626 832 
497 191 592 399 
621 259 718 398 
754 737 900 830 
786 594 831 623 
1 110 85 236 
560 608 583 687 
342 123 362 160 
241 529 320 565 
209 604 258 624 
818 582 879 623 
647 40 672 66 
1 322 127 379 
759 133 841 238 
257 225 291 287 
288 190 313 233 
596 520 632 666 
105 13 147 96 
818 210 849 247 
114 434 192 539 
753 673 789 705 
49 529 130 736 
40 689 63 752 
1 146 80 231 
620 304 718 391 
750 791 774 816 
501 809 530 831 
130 782 208 825 
313 687 434 802 
115 569 145 621 
602 481 624 512 
308 578 349 657 
785 225 832 265 
97 710 138 737 
138 751 290 817 
1 1 117 91 
610 435 718 532 
769 114 800 166 
161 12 194 41 
24 95 65 128 
97 784 143 806 
849 736 871 798 
215 307 585 409 
290 127 351 239 
93 538 162 653 
72 11 97 32 
113 541 156 588 
217 540 271 561 
729 672 800 736 
284 537 305 565 
601 1 773 119 
879 46 900 118 
1 1 258 200 
130 115 170 173 
88 619 116 672 
818 321 848 350 
225 297 354 382 
244 100 365 314 
593 115 614 325 
705 162 787 194 
625 116 664 222 
435 12 499 63 
221 574 364 765 
572 771 599 799 
88 619 240 672 
546 384 583 416 
142 425 387 529 
305 626 362 687 
1 204 182 379 
856 79 900 166 
798 386 833 428 
121 30 143 50 
304 606 335 663 
798 372 900 412 
598 403 657 429 
547 737 617 813 
264 521 320 560 
736 449 767 617 
241 529 320 561 
17 104 42 130 
753 559 799 624 
25 320 112 344 
705 162 736 194 
193 507 368 608 
102 225 158 284 
807 381 900 400 
852 736 900 815 
347 71 393 184 
760 372 795 456 
302 579 363 653 
766 567 900 641 
274 258 293 287 
780 494 804 528 
639 1 660 66 
621 210 642 256 
227 718 286 741 
811 210 846 270 
1 272 134 355 
1 417 180 648 
295 591 329 662 
81 1 278 197 
582 749 623 783 
754 113 800 160 
575 144 594 251 
243 267 271 315 
561 812 616 831 
101 646 277 671 
593 197 614 330 
816 383 895 415 
684 207 794 240 
6 49 48 74 
128 710 191 729 
111 282 134 320 
673 230 801 261 
734 367 780 388 
113 288 134 320 
623 114 687 224 
111 464 152 528 
103 234 128 283 
96 654 282 703 
50 703 280 818 
323 720 344 750 
209 551 275 594 
173 227 206 254 
33 269 58 299 
593 1 623 389 
736 366 815 389 
95 82 117 102 
812 444 867 466 
50 626 79 655 
267 189 326 297 
497 378 577 399 
753 1 799 48 
113 72 167 126 
721 267 794 304 
73 420 180 466 
336 657 358 719 
810 517 879 547 
1 282 137 355 
696 161 782 194 
48 1 124 94 
801 226 849 273 
624 745 739 825 
813 163 847 207 
24 80 123 177 
169 41 193 68 
667 175 688 224 
1 641 47 736 
139 306 159 335 
9 320 113 344 
621 42 640 65 
496 641 529 679 
290 773 337 814 
142 425 570 529 
755 409 900 498 
394 22 430 71 
669 242 694 285 
786 587 900 625 
338 384 594 434 
306 549 362 576 
146 1 178 32 
765 548 800 584 
177 544 208 576 
97 715 131 737 
576 412 597 513 
130 714 240 772 
841 650 900 672 
716 58 766 132 
753 551 880 627 
567 675 592 704 
670 402 742 425 
49 529 208 624 
305 626 352 687 
1 625 41 705 
169 1 236 69 
313 690 334 751 
432 12 496 96 
49 624 80 656 
812 209 849 247 
539 750 582 785 
66 723 129 760 
779 493 801 519 
785 754 811 824 
290 737 312 781 
75 673 208 711 
267 1 422 297 
753 559 799 593 
332 579 351 608 
769 115 800 166 
825 183 856 246 
143 547 208 589 
17 385 112 415 
602 512 625 543 
576 482 601 522 
592 428 719 814 
17 321 145 379 
261 582 362 735 
657 18 687 39 
545 640 583 682 
780 737 811 824 
681 66 847 270 
113 69 168 126 
598 387 639 409 
49 753 79 800 
139 551 274 595 
849 593 900 624 
63 1 218 144 
573 297 595 384 
97 432 209 576 
576 448 600 522 
218 713 273 736 
209 626 270 656 
590 729 639 763 
96 497 127 577 
841 651 900 679 
1 629 47 753 
847 650 900 671 
1 75 38 134 
851 800 900 822 
543 1 582 97 
715 267 794 335 
128 710 234 769 
133 547 162 601 
401 388 479 410 
99 804 208 824 
735 172 793 194 
375 1 414 82 
297 625 319 661 
779 594 900 641 
688 130 720 150 
753 418 900 641 
326 635 361 734 
312 525 370 555 
135 208 159 229 
803 1 865 158 
621 259 718 391 
17 391 112 417 
650 42 680 64 
164 422 196 477 
130 434 476 584 
370 512 434 687 
676 210 816 299 
224 308 400 382 
274 389 400 417 
162 640 272 666 
764 551 800 584 
647 511 666 538 
3 124 117 232 
105 13 141 63 
821 161 857 208 
241 434 352 464 
49 625 80 656 
715 267 794 304 
112 384 160 420 
139 603 258 624 
692 162 714 194 
151 526 343 592 
177 544 240 582 
49 31 90 91 
769 673 800 704 
1 113 49 160 
67 730 97 755 
90 1 136 60 
639 336 719 394 
7 104 48 135 
45 191 210 290 
590 729 639 818 
94 530 160 604 
848 322 900 354 
1 417 160 584 
81 190 178 232 
135 194 208 314 
82 597 111 623 
801 418 900 465 
499 1 580 64 
259 227 291 280 
273 700 317 722 
267 254 292 297 
157 432 209 465 
274 391 400 417 
33 242 80 276 
219 722 288 753 
668 385 754 425 
273 668 341 735 
791 1 847 160 
49 1 258 191 
753 736 787 818 
122 598 273 624 
281 529 368 608 
34 631 108 736 
627 257 720 399 
753 559 799 639 
318 158 344 207 
652 195 677 269 
357 115 382 174 
786 581 900 625 
373 40 407 106 
153 450 184 509 
208 314 242 371 
791 711 816 767 
255 223 306 289 
342 64 390 160 
139 548 276 595 
609 412 662 431 
114 467 152 526 
780 495 801 518 
759 18 784 67 
845 7 867 27 
34 641 94 736 
667 6 735 32 
323 513 432 800 
784 167 808 193 
273 664 344 742 
312 670 344 710 
1 646 41 717 
282 539 319 615 
281 538 368 608 
353 529 418 564 
1 697 58 818 
481 5 529 31 
754 688 900 827 
546 608 576 655 
692 162 756 194 
242 434 351 462 
67 730 184 786 
11 220 49 254 
107 594 159 655 
241 753 287 784 
143 529 239 589 
1 315 32 348 
71 567 105 623 
1 49 48 112 
695 498 777 735 
648 77 677 97 
9 320 133 379 
40 302 128 322 
529 385 576 432 
68 652 91 708 
1 127 23 150 
641 806 739 825 
113 289 160 389 
656 543 690 584 
93 610 119 653 
433 385 481 425 
696 159 782 182 
216 714 249 752 
7 318 126 361 
621 209 814 400 
371 435 584 814 
466 12 496 63 
1 646 41 705 
275 100 365 261 
77 593 98 623 
621 193 850 400 
144 257 207 289 
386 388 479 428 
838 674 862 830 
75 540 208 711 
98 763 161 787 
575 144 594 210 
642 392 668 415 
431 585 480 662 
132 612 207 663 
853 800 900 822 
264 529 320 560 
111 67 132 90 
130 461 179 542 
130 722 234 769 
681 162 829 215 
513 384 556 420 
800 1 864 159 
723 435 774 641 
801 370 900 415 
566 675 607 706 
66 737 96 759 
79 706 138 728 
803 385 896 415 
387 435 549 679 
34 650 92 736 
240 551 275 575 
116 355 140 377 
626 1 750 158 
24 99 64 128 
473 435 523 528 
220 717 254 741 
261 657 316 704 
784 167 811 215 
106 587 133 634 
21 642 59 686 
753 311 815 337 
346 720 382 798 
135 547 162 596 
754 289 783 321 
261 657 341 735 
154 1 258 86 
754 50 774 104 
309 135 350 207 
778 493 900 575 
849 516 900 535 
411 38 518 166 
435 24 463 63 
107 594 208 663 
143 562 180 588 
161 225 208 257 
116 200 160 256 
320 570 352 602 
87 256 112 289 
146 191 180 223 
215 92 245 119 
347 539 368 570 
190 1 269 109 
128 432 209 497 
94 538 156 596 
753 673 800 736 
740 753 784 825 
160 258 193 329 
319 576 345 630 
81 710 234 769 
6 49 48 135 
71 1 98 29 
49 200 159 238 
648 77 720 97 
273 389 367 411 
672 242 815 337 
1 646 41 734 
9 650 81 737 
411 38 518 225 
157 426 182 461 
594 726 688 824 
1 195 31 236 
33 194 137 217 
113 49 147 80 
563 641 582 665 
295 555 330 613 
71 710 288 770 
241 730 288 756 
621 194 662 255 
657 167 678 192 
510 736 562 793 
451 289 480 321 
257 680 296 710 
96 1 117 55 
100 552 127 592 
257 753 287 784 
1 145 47 192 
597 543 632 666 
285 538 304 559 
140 225 160 256 
598 403 657 426 
124 1 191 79 
167 227 186 254 
182 699 288 721 
272 256 305 289 
86 51 113 80 
59 703 129 755 
117 406 205 428 
623 178 668 224 
594 726 645 818 
144 776 208 817 
817 580 880 623 
64 641 95 671 
758 705 797 799 
601 520 624 629 
539 761 583 806 
849 385 896 415 
513 744 583 817 
583 607 606 687 
164 495 416 544 
400 345 464 385 
50 754 78 799 
353 706 384 751 
21 642 47 682 
350 174 370 199 
34 201 138 234 
730 705 784 816 
288 149 335 233 
218 715 272 736 
482 385 512 404 
59 723 95 755 
1 379 111 434 
96 670 273 696 
21 629 47 682 
107 605 128 649 
239 755 280 778 
113 33 141 63 
273 690 341 742 
121 470 170 549 
729 162 787 192 
370 626 431 655 
812 444 881 466 
86 98 107 124 
137 755 280 793 
769 481 900 566 
220 339 244 382 
560 668 591 720 
386 706 432 736 
150 259 270 379 
1 123 71 192 
691 207 846 270 
258 190 313 277 
354 513 432 625 
182 593 352 721 
42 92 111 157 
594 726 645 772 
344 1 418 143 
385 593 431 639 
5 358 112 377 
75 676 176 702 
609 412 737 431 
112 495 416 556 
736 369 789 456 
639 543 690 584 
50 703 129 799 
513 737 617 817 
1 102 100 201 
84 772 143 818 
620 778 641 815 
559 762 609 813 
49 1 464 414 
164 495 305 528 
1 397 63 416 
97 801 160 823 
737 1 791 65 
1 724 21 753 
265 777 306 809 
208 558 240 582 
119 225 158 273 
273 700 314 742 
10 257 29 283 
810 507 900 547 
543 1 596 168 
70 705 280 818 
62 649 86 671 
696 261 800 336 
117 69 168 121 
139 546 166 590 
642 480 690 584 
49 689 73 736 
785 754 806 818 
209 402 256 463 
10 157 37 185 
145 641 166 663 
167 435 187 468 
171 533 276 582 
1 379 94 434 
810 512 900 547 
129 432 209 495 
1 658 79 753 
848 321 900 354 
385 512 434 639 
130 710 234 769 
481 391 543 427 
753 560 816 627 
107 576 276 666 
15 673 46 699 
793 578 900 623 
140 307 159 335 
791 422 880 473 
672 66 721 97 
315 610 568 814 
563 65 590 94 
385 594 432 640 
595 49 615 207 
354 515 430 625 
49 529 94 622 
642 435 782 815 
130 710 191 751 
803 386 874 415 
86 50 111 73 
328 626 431 798 
539 750 583 806 
40 302 113 322 
129 1 191 79 
224 308 412 382 
547 737 604 764 
129 605 270 660 
7 75 48 135 
566 675 592 704 
274 240 293 287 
499 29 526 56 
20 690 46 727 
146 191 210 258 
785 195 808 215 
681 162 846 270 
785 654 840 737 
753 560 900 641 
47 272 113 314 
689 141 775 160 
780 555 900 575 
86 51 127 95 
133 540 171 601 
792 208 846 270 
603 546 623 607 
847 650 900 672 
129 35 171 79 
729 672 789 723 
177 738 234 769 
850 4 900 35 
70 728 192 770 
428 435 549 679 
454 67 504 184 
539 639 578 660 
559 784 581 807 
224 308 464 385 
778 507 900 573 
68 50 111 86 
817 500 900 528 
521 537 542 559 
99 435 187 576 
9 322 127 361 
97 567 143 608 
639 336 720 399 
673 354 720 384 
769 115 808 193 
627 256 720 383 
322 736 386 802 
97 681 273 703 
610 636 648 672 
1 672 46 753 
572 778 617 800 
791 705 832 825 
194 604 270 624 
1 145 47 194 
56 110 85 139 
775 384 800 474 
789 467 900 497 
209 604 270 624 
290 737 513 816 
23 104 42 127 
289 130 349 255 
312 579 351 646 
566 675 592 703 
389 7 416 73 
1 195 25 236 
9 242 28 275 
577 785 617 825 
739 498 774 641 
261 657 316 710 
133 547 171 601 
527 750 583 832 
850 1 900 35 
769 656 840 737 
3 210 31 232 
1 7 111 88 
583 679 607 706 
696 261 800 304 
596 392 668 416 
769 113 800 166 
1 678 29 734 
545 191 592 399 
786 587 833 625 
1 689 63 753 
49 1 143 87 
780 594 834 639 
780 494 801 518 
289 127 352 255 
539 750 582 780 
855 721 900 767 
730 705 811 824 
371 14 435 168 
82 592 129 672 
96 1 258 140 
493 125 513 189 
1 629 47 717 
71 567 105 610 
559 784 587 813 
802 1 850 113 
855 722 900 767 
778 512 900 568 
808 721 843 783 
856 79 882 155 
288 1 435 255 
241 529 303 560 
691 219 768 240 
345 538 368 567 
71 563 105 610 
1 289 85 355 
177 544 207 576 
241 401 352 422 
754 50 846 193 
129 16 191 82 
82 646 282 703 
65 398 128 422 
803 1 881 158 
789 467 900 494 
208 633 238 660 
66 92 111 144 
313 690 341 735 
706 216 790 240 
583 733 625 760 
265 275 304 312 
801 209 849 271 
624 116 687 222 
674 281 735 319 
194 604 258 624 
1 110 85 194 
499 3 532 56 
116 259 270 380 
189 681 273 703 
124 225 158 256 
88 592 129 672 
753 772 806 818 
84 49 112 80 
754 767 854 827 
166 23 215 69 
82 654 282 703 
171 533 276 575 
569 256 591 384 
75 676 160 701 
1 637 42 734 
785 273 815 310 
208 634 238 660 
800 193 829 212 
105 433 160 464 
849 131 900 223 
818 433 880 472 
817 582 847 611 
737 1 798 70 
545 256 591 399 
34 650 81 711 
688 130 714 150 
593 226 614 325 
1 637 46 753 
370 435 584 814 
1 322 127 389 
283 706 314 735 
595 49 615 128 
610 636 648 677 
684 219 721 240 
721 267 799 304 
789 467 900 489 
1 637 42 717 
299 593 319 624 
801 236 847 271 
9 322 115 361 
75 673 160 701 
47 242 113 314 
70 753 161 787 
627 256 657 337 
257 225 288 256 
81 128 113 161 
306 130 349 207 
595 546 623 609 
115 445 177 549 
97 497 127 576 
791 705 837 784 
1 379 63 416 
96 670 272 695 
576 737 604 763 
752 672 777 705 
255 223 288 266 
98 654 282 679 
11 224 31 247 
546 609 570 641 
385 705 431 735 
768 641 804 671 
294 560 321 592 
194 513 314 534 
321 657 346 686 
1 7 72 49 
243 269 272 343 
257 754 289 817 
705 12 725 32 
797 433 880 473 
66 363 216 414 
25 322 113 344 
163 227 206 254 
753 772 795 818 
587 18 608 73 
826 29 880 71 
545 210 592 399 
754 313 783 335 
464 27 504 65 
129 289 154 336 
276 258 303 287 
296 582 339 653 
208 684 269 703 
82 710 234 770 
210 402 240 422 
107 586 276 666 
114 289 168 389 
800 274 847 303 
296 582 341 657 
460 516 496 552 
529 385 573 432 
145 636 207 663 
97 540 208 624 
705 162 784 194 
850 696 900 736 
367 513 416 544 
736 480 768 624 
9 320 127 361 
273 700 307 722 
569 210 592 256 
850 385 896 407 
791 433 880 473 
813 178 843 207 
179 541 239 575 
65 81 111 112 
736 310 850 383 
448 385 480 416 
160 636 207 656 
70 710 240 771 
145 440 173 484 
619 257 640 383 
770 592 799 624 
122 596 144 624 
99 536 120 576 
760 373 789 456 
49 242 102 292 
435 17 464 63 
348 738 382 798 
803 8 865 158 
791 418 900 473 
338 593 363 624 
208 293 258 371 
164 495 225 528 
1 315 32 342 
113 763 161 787 
785 656 840 737 
156 16 191 54 
80 229 105 259 
626 37 647 71 
130 776 208 817 
305 501 386 528 
273 700 317 735 
312 607 333 646 
608 432 673 480 
513 745 534 793 
115 445 177 548 
639 1 660 47 
620 257 640 383 
881 51 900 85 
130 776 208 818 
172 434 192 466 
772 673 794 705 
209 422 256 463 
162 605 276 666 
9 320 115 361 
737 272 783 304 
10 260 29 283 
49 595 75 622 
657 335 720 383 
179 406 206 431 
806 310 850 367 
9 323 111 344 
139 290 168 352 
64 390 112 415 
312 334 336 354 
153 435 187 509 
166 23 219 69 
174 223 210 258 
200 1 258 48 
145 235 182 271 
40 282 128 322 
546 384 577 432 
130 722 191 751 
775 213 807 234 
560 65 596 127 
15 672 46 699 
42 162 80 191 
817 582 847 623 
1 678 28 721 
657 130 687 162 
547 737 577 764 
59 71 83 90 
49 23 219 191 
689 141 710 160 
108 629 159 655 
811 273 866 315 
28 110 85 169 
803 386 832 407 
843 660 869 679 
561 380 599 401 
306 106 362 199 
657 130 687 190 
13 238 32 274 
755 409 810 496 
370 707 403 792 
1 695 29 734 
274 668 319 704 
779 493 798 519 
34 245 79 266 
856 739 900 764 
572 771 609 806 
758 705 784 799 
113 529 162 557 
529 798 575 832 
305 626 352 670 
178 538 208 575 
812 690 837 719 
107 615 159 655 
150 539 176 576 
817 512 897 532 
639 545 673 578 
49 1 278 197 
115 435 187 548 
59 600 110 640 
241 530 284 561 
1 690 46 753 
801 422 840 465 
356 626 384 657 
589 751 623 783 
626 191 668 223 
673 432 722 482 
86 51 111 78 
130 763 161 787 
521 433 582 458 
370 656 433 687 
308 606 335 657 
205 269 272 383 
132 612 207 656 
495 1 529 25 
308 737 479 816 
650 42 672 64 
221 293 258 356 
49 45 195 191 
573 162 593 192 
294 227 328 264 
93 321 133 379 
193 141 212 160 
385 514 431 591 
103 563 127 591 
801 153 822 193 
193 433 240 466 
258 226 287 256 
562 64 591 95 
